0.001 0.0989263 143.738
0.002 0.134691 168.655
0.003 0.170317 183.151
0.004 0.205827 193.398
0.005 0.241185 201.309
0.006 0.276451 207.756
0.007 0.31155 213.181
0.008 0.34657 217.869
0.009 0.382388 222.092
0.01 0.417159 225.754
0.011 0.451742 229.05
0.012 0.486237 232.052
0.013 0.520607 234.804
0.014 0.555801 237.411
0.015 0.589924 239.763
0.016 0.623907 241.955
0.017 0.657775 244.007
0.018 0.691484 245.934
0.019 0.725136 247.753
0.02 0.758593 249.47
0.021 0.792001 251.101
0.022 0.825228 252.647
0.023 0.859287 254.162
0.024 0.89232 255.568
0.025 0.92521 256.91
0.026 0.95892 258.232
0.027 0.991535 259.462
0.028 1.02406 260.645
0.029 1.05646 261.782
0.03 1.08875 262.877
0.031 1.1209 263.931
0.032 1.15297 264.95
0.033 1.18581 265.961
0.034 1.21762 266.911
0.035 1.25026 267.857
0.036 1.28182 268.745
0.037 1.31329 269.608
0.038 1.34461 270.443
0.039 1.37585 271.255
0.04 1.40786 272.065
0.041 1.43887 272.831
0.042 1.47066 273.597
0.043 1.50143 274.321
0.044 1.53208 275.025
0.045 1.56263 275.712
0.046 1.59304 276.381
0.047 1.62425 277.052
0.048 1.65533 277.706
0.049 1.68545 278.327
0.05 1.71542 278.933
0.051 1.74528 279.524
0.052 1.77592 280.119
0.053 1.80556 280.684
0.054 1.83597 281.252
0.055 1.86539 281.792
0.056 1.89471 282.32
0.057 1.92391 282.837
0.058 1.9539 283.359
0.059 1.98375 283.869
0.06 2.01263 284.354
0.061 2.04142 284.83
0.062 2.07009 285.296
0.063 2.09947 285.767
0.064 2.12878 286.228
0.065 2.15714 286.668
0.066 2.18537 287.099
0.067 2.21435 287.535
0.068 2.24326 287.963
0.069 2.27115 288.37
0.07 2.29899 288.771
0.071 2.32753 289.176
0.072 2.356 289.574
0.073 2.38349 289.953
0.074 2.4109 290.326
0.075 2.43903 290.703
0.076 2.46708 291.075
0.077 2.49415 291.429
0.078 2.52116 291.777
0.079 2.5489 292.13
0.08 2.5765 292.478
0.081 2.60318 292.809
0.082 2.6298 293.136
0.083 2.6571 293.467
0.084 2.68429 293.792
0.085 2.7106 294.104
0.086 2.73681 294.41
0.087 2.76449 294.73
0.088 2.79053 295.028
0.089 2.81644 295.321
0.09 2.84302 295.618
0.091 2.86952 295.91
0.092 2.89513 296.19
0.093 2.92146 296.475
0.094 2.94768 296.755
0.095 2.973 297.023
0.096 2.999 297.296
0.097 3.02496 297.565
0.098 3.04997 297.821
0.099 3.07496 298.075
0.1 3.10134 298.34
0.101 3.12611 298.586
0.102 3.15079 298.83
0.103 3.17689 299.084
0.104 3.20137 299.321
0.105 3.22579 299.554
0.106 3.25159 299.799
0.107 3.27582 300.026
0.108 3.30068 300.258
0.109 3.32546 300.486
0.11 3.34943 300.705
0.111 3.37404 300.928
0.112 3.39855 301.147
0.113 3.4222 301.358
0.114 3.44656 301.572
0.115 3.4708 301.784
0.116 3.4942 301.987
0.117 3.51898 302.199
0.118 3.54223 302.397
0.119 3.56613 302.599
0.12 3.5899 302.798
0.121 3.61288 302.989
0.122 3.63721 303.189
0.123 3.66005 303.375
0.124 3.68349 303.565
0.125 3.70682 303.752
0.126 3.72938 303.932
0.127 3.75327 304.121
0.128 3.77565 304.296
0.129 3.79868 304.476
0.13 3.82159 304.653
0.131 3.84375 304.822
0.132 3.8672 305.001
0.133 3.88912 305.166
0.134 3.91172 305.336
0.135 3.93423 305.503
0.136 3.95665 305.668
0.137 3.97904 305.832
0.138 4.00054 305.989
0.139 4.02346 306.154
0.14 4.04481 306.307
0.141 4.06753 306.469
0.142 4.08878 306.619
0.143 4.11066 306.773
0.144 4.13242 306.924
0.145 4.15412 307.075
0.146 4.1757 307.223
0.147 4.19722 307.37
0.148 4.21867 307.515
0.149 4.23938 307.655
0.15 4.26137 307.802
0.151 4.28189 307.938
0.152 4.30371 308.082
0.153 4.32407 308.216
0.154 4.34574 308.357
0.155 4.366 308.488
0.156 4.3875 308.626
0.157 4.40757 308.754
0.158 4.4289 308.89
0.159 4.44886 309.016
0.16 4.47007 309.149
0.161 4.48982 309.272
0.162 4.51088 309.402
0.163 4.53052 309.523
0.164 4.55142 309.651
0.165 4.57091 309.769
0.166 4.59163 309.895
0.167 4.611 310.011
0.168 4.6316 310.134
0.169 4.65145 310.252
0.17 4.67125 310.369
0.171 4.69101 310.484
0.172 4.71064 310.599
0.173 4.73021 310.712
0.174 4.74974 310.825
0.175 4.76979 310.94
0.176 4.78854 311.047
0.177 4.80848 311.16
0.178 4.82702 311.264
0.179 4.84685 311.375
0.18 4.86594 311.481
0.181 4.88496 311.587
0.182 4.90391 311.691
0.183 4.9228 311.795
0.184 4.94222 311.901
0.185 4.96035 311.999
0.186 4.97967 312.103
0.187 4.9983 312.203
0.188 5.01681 312.302
0.189 5.03533 312.4
0.19 5.05376 312.497
0.191 5.0727 312.597
0.192 5.09037 312.689
0.193 5.10919 312.787
0.194 5.12736 312.881
0.195 5.14545 312.973
0.196 5.16409 313.069
0.197 5.18143 313.157
0.198 5.19998 313.251
0.199 5.21777 313.341
0.2 5.23556 313.43
0.201 5.25392 313.521
0.202 5.27155 313.609
0.203 5.28912 313.696
0.204 5.30722 313.785
0.205 5.32409 313.867
0.206 5.34212 313.955
0.207 5.35945 314.039
0.208 5.37676 314.122
0.209 5.39456 314.208
0.21 5.41174 314.29
0.211 5.4288 314.371
0.212 5.44645 314.454
0.213 5.46343 314.534
0.214 5.48038 314.613
0.215 5.49781 314.695
0.216 5.51462 314.773
0.217 5.53134 314.85
0.218 5.54866 314.929
0.219 5.56523 315.005
0.22 5.58187 315.081
0.221 5.5989 315.158
0.222 5.61538 315.233
0.223 5.63182 315.307
0.224 5.64872 315.382
0.225 5.66504 315.455
0.226 5.68128 315.527
0.227 5.69802 315.601
0.228 5.71413 315.672
0.229 5.7302 315.742
0.23 5.74683 315.814
0.231 5.76332 315.886
0.232 5.77921 315.955
0.233 5.79507 316.023
0.234 5.81143 316.093
0.235 5.8272 316.16
0.236 5.84292 316.227
0.237 5.8591 316.295
0.238 5.87524 316.363
0.239 5.89082 316.429
0.24 5.9063 316.493
0.241 5.92229 316.56
0.242 5.93819 316.626
0.243 5.95299 316.687
0.244 5.96884 316.752
0.245 5.98463 316.816
0.246 6.00032 316.88
0.247 6.01495 316.94
0.248 6.03059 317.003
0.249 6.04611 317.065
0.25 6.06164 317.127
0.251 6.07603 317.185
0.252 6.0915 317.246
0.253 6.10685 317.307
0.254 6.12215 317.368
0.255 6.13695 317.426
0.256 6.15163 317.483
0.257 6.1668 317.542
0.258 6.18196 317.601
0.259 6.19651 317.657
0.26 6.21099 317.713
0.261 6.22601 317.771
0.262 6.24098 317.828
0.263 6.25581 317.885
0.264 6.2702 317.939
0.265 6.28445 317.993
0.266 6.2992 318.049
0.267 6.31387 318.104
0.268 6.32854 318.159
0.269 6.34269 318.211
0.27 6.35676 318.264
0.271 6.37127 318.317
0.272 6.38577 318.371
0.273 6.4002 318.424
0.274 6.41461 318.476
0.275 6.42842 318.527
0.276 6.44228 318.577
0.277 6.45652 318.628
0.278 6.47074 318.68
0.279 6.48488 318.73
0.28 6.49901 318.781
0.281 6.51265 318.83
0.282 6.52621 318.878
0.283 6.54022 318.927
0.284 6.55414 318.976
0.285 6.56812 319.026
0.286 6.582 319.074
0.287 6.5958 319.122
0.288 6.6091 319.169
0.289 6.62244 319.215
0.29 6.63611 319.262
0.291 6.64982 319.309
0.292 6.66345 319.356
0.293 6.67704 319.402
0.294 6.69062 319.449
0.295 6.70368 319.493
0.296 6.71714 319.539
0.297 6.73014 319.582
0.298 6.74355 319.628
0.299 6.75693 319.672
0.3 6.77028 319.717
0.301 6.78361 319.761
0.302 6.79683 319.805
0.303 6.81003 319.849
0.304 6.82327 319.892
0.305 6.83642 319.936
0.306 6.84902 319.977
0.307 6.8621 320.019
0.308 6.87471 320.06
0.309 6.88772 320.103
0.31 6.90071 320.145
0.311 6.91359 320.186
0.312 6.92651 320.228
0.313 6.9394 320.269
0.314 6.95226 320.31
0.315 6.96508 320.351
0.316 6.97779 320.391
0.317 6.99055 320.431
0.318 7.00326 320.471
0.319 7.01595 320.511
0.32 7.02852 320.55
0.321 7.04113 320.59
0.322 7.0537 320.629
0.323 7.06585 320.667
0.324 7.07834 320.705
0.325 7.0908 320.744
0.326 7.10329 320.782
0.327 7.11567 320.82
0.328 7.12808 320.858
0.329 7.14038 320.895
0.33 7.15232 320.931
0.331 7.16461 320.969
0.332 7.17686 321.006
0.333 7.18915 321.043
0.334 7.20131 321.079
0.335 7.21351 321.115
0.336 7.22567 321.152
0.337 7.23778 321.188
0.338 7.25026 321.225
0.339 7.26236 321.26
0.34 7.27434 321.296
0.341 7.28636 321.331
0.342 7.29841 321.366
0.343 7.31033 321.401
0.344 7.32229 321.436
0.345 7.33411 321.47
0.346 7.34647 321.506
0.347 7.35828 321.54
0.348 7.37013 321.574
0.349 7.38193 321.608
0.35 7.39368 321.642
0.351 7.40546 321.675
0.352 7.41711 321.708
0.353 7.42888 321.742
0.354 7.44051 321.775
0.355 7.45217 321.808
0.356 7.46379 321.84
0.357 7.47543 321.873
0.358 7.48694 321.905
0.359 7.49856 321.938
0.36 7.51047 321.971
0.361 7.52199 322.003
0.362 7.53388 322.036
0.363 7.54529 322.067
0.364 7.55682 322.099
0.365 7.5682 322.13
0.366 7.57962 322.161
0.367 7.59098 322.192
0.368 7.60237 322.223
0.369 7.6137 322.254
0.37 7.62542 322.286
0.371 7.63673 322.316
0.372 7.64833 322.347
0.373 7.65961 322.378
0.374 7.67083 322.408
0.375 7.68208 322.438
0.376 7.69327 322.468
0.377 7.70449 322.497
0.378 7.71601 322.528
0.379 7.72756 322.558
0.38 7.73869 322.588
0.381 7.74976 322.617
0.382 7.76086 322.646
0.383 7.77189 322.675
0.384 7.78295 322.704
0.385 7.79441 322.733
0.386 7.80581 322.763
0.387 7.81687 322.792
0.388 7.82777 322.82
0.389 7.83879 322.848
0.39 7.84975 322.876
0.391 7.86111 322.905
0.392 7.8724 322.934
0.393 7.88326 322.962
0.394 7.89423 322.99
0.395 7.90505 323.017
0.396 7.91636 323.046
0.397 7.92752 323.074
0.398 7.93842 323.101
0.399 7.94925 323.128
0.4 7.96011 323.156
0.401 7.97157 323.184
0.402 7.98238 323.211
0.403 7.99313 323.238
0.404 8.00391 323.265
0.405 8.01509 323.292
0.406 8.02621 323.32
0.407 8.03697 323.346
0.408 8.04766 323.372
0.409 8.05837 323.399
0.41 8.06979 323.426
0.411 8.08046 323.452
0.412 8.09115 323.478
0.413 8.10187 323.504
0.414 8.11321 323.532
0.415 8.12388 323.558
0.416 8.13448 323.583
0.417 8.14551 323.61
0.418 8.15646 323.636
0.419 8.16713 323.661
0.42 8.17773 323.687
0.421 8.18906 323.714
0.422 8.19961 323.739
0.423 8.21029 323.764
0.424 8.2212 323.79
0.425 8.23213 323.815
0.426 8.24268 323.84
0.427 8.25325 323.865
0.428 8.26446 323.891
0.429 8.27509 323.916
0.43 8.28564 323.941
0.431 8.29682 323.967
0.432 8.30742 323.991
0.433 8.31794 324.015
0.434 8.3291 324.041
0.435 8.33967 324.065
0.436 8.35015 324.09
0.437 8.36139 324.115
0.438 8.37193 324.139
0.439 8.38238 324.163
0.44 8.3936 324.189
0.441 8.4041 324.213
0.442 8.41462 324.236
0.443 8.42581 324.262
0.444 8.43628 324.285
0.445 8.44719 324.31
0.446 8.45803 324.334
0.447 8.46846 324.358
0.448 8.47966 324.383
0.449 8.49014 324.406
0.45 8.50064 324.429
0.451 8.51181 324.454
0.452 8.52236 324.477
0.453 8.53315 324.501
0.454 8.54396 324.525
0.455 8.55447 324.548
0.456 8.56566 324.573
0.457 8.57622 324.596
0.458 8.58734 324.62
0.459 8.59784 324.643
0.46 8.60868 324.667
0.461 8.61955 324.69
0.462 8.63012 324.713
0.463 8.64125 324.737
0.464 8.65175 324.76
0.465 8.66294 324.784
0.466 8.67348 324.807
0.467 8.68438 324.83
0.468 8.69519 324.853
0.469 8.7058 324.876
0.47 8.717 324.9
0.471 8.72754 324.922
0.472 8.73878 324.946
0.473 8.74937 324.968
0.474 8.76055 324.992
0.475 8.77118 325.014
0.476 8.7824 325.038
0.477 8.79297 325.06
0.478 8.80424 325.084
0.479 8.81485 325.106
0.48 8.82617 325.13
0.481 8.83682 325.152
0.482 8.84807 325.175
0.483 8.85877 325.197
0.484 8.87007 325.221
0.485 8.8807 325.243
0.486 8.89204 325.266
0.487 8.90271 325.288
0.488 8.91398 325.311
0.489 8.92482 325.333
0.49 8.93614 325.356
0.491 8.9469 325.378
0.492 8.95826 325.401
0.493 8.9693 325.424
0.494 8.98036 325.446
0.495 8.9918 325.469
0.496 9.00266 325.491
0.497 9.01403 325.514
0.498 9.02494 325.536
0.499 9.03635 325.559
0.5 9.04754 325.581
0.501 9.05864 325.603
0.502 9.07012 325.626
0.503 9.08114 325.648
0.504 9.09267 325.671
0.505 9.10361 325.693
0.506 9.11506 325.716
0.507 9.12665 325.738
0.508 9.13767 325.76
0.509 9.1493 325.783
0.51 9.1606 325.805
0.511 9.17192 325.827
0.512 9.18363 325.85
0.513 9.19462 325.872
0.514 9.20638 325.895
0.515 9.21803 325.917
0.516 9.22922 325.939
0.517 9.24091 325.962
0.518 9.25264 325.984
0.519 9.26389 326.006
0.52 9.27565 326.029
0.521 9.28719 326.051
0.522 9.29876 326.073
0.523 9.31059 326.096
0.524 9.3222 326.118
0.525 9.33383 326.14
0.526 9.34573 326.163
0.527 9.3574 326.185
0.528 9.3691 326.207
0.529 9.38107 326.23
0.53 9.39306 326.252
0.531 9.40457 326.274
0.532 9.41661 326.297
0.533 9.42867 326.319
0.534 9.44025 326.341
0.535 9.45235 326.364
0.536 9.46448 326.386
0.537 9.47663 326.409
0.538 9.4883 326.431
0.539 9.50049 326.453
0.54 9.51284 326.476
0.541 9.52483 326.498
0.542 9.53683 326.52
0.543 9.54912 326.543
0.544 9.56143 326.566
0.545 9.57337 326.588
0.546 9.58573 326.61
0.547 9.59824 326.633
0.548 9.61064 326.656
0.549 9.62293 326.678
0.55 9.63511 326.7
0.551 9.64771 326.723
0.552 9.66021 326.746
0.553 9.67285 326.769
0.554 9.68499 326.791
0.555 9.69768 326.814
0.556 9.7104 326.837
0.557 9.72314 326.859
0.558 9.7359 326.882
0.559 9.74815 326.904
0.56 9.76095 326.927
0.561 9.77378 326.95
0.562 9.78677 326.973
0.563 9.79964 326.996
0.564 9.8124 327.019
0.565 9.82506 327.041
0.566 9.83813 327.064
0.567 9.85123 327.087
0.568 9.86436 327.111
0.569 9.87751 327.134
0.57 9.89068 327.157
0.571 9.90333 327.179
0.572 9.91654 327.202
0.573 9.92992 327.225
0.574 9.94318 327.249
0.575 9.95661 327.272
0.576 9.96992 327.295
0.577 9.98339 327.318
0.578 9.9966 327.341
0.579 10.0098 327.364
0.58 10.0234 327.388
0.581 10.0369 327.411
0.582 10.0507 327.435
0.583 10.0643 327.458
0.584 10.0781 327.482
0.585 10.0917 327.505
0.586 10.1055 327.528
0.587 10.1194 327.552
0.588 10.1332 327.576
0.589 10.1469 327.599
0.59 10.1606 327.622
0.591 10.1746 327.646
0.592 10.1887 327.67
0.593 10.2028 327.693
0.594 10.2169 327.717
0.595 10.2311 327.741
0.596 10.2453 327.765
0.597 10.2595 327.789
0.598 10.2739 327.813
0.599 10.2882 327.837
0.6 10.3026 327.861
0.601 10.3171 327.885
0.602 10.3316 327.909
0.603 10.3461 327.933
0.604 10.3608 327.957
0.605 10.3753 327.981
0.606 10.39 328.006
0.607 10.4048 328.03
0.608 10.4196 328.054
0.609 10.4344 328.079
0.61 10.4493 328.103
0.611 10.4642 328.128
0.612 10.4792 328.152
0.613 10.4942 328.177
0.614 10.5093 328.201
0.615 10.5245 328.226
0.616 10.5397 328.251
0.617 10.5549 328.275
0.618 10.5703 328.3
0.619 10.5856 328.325
0.62 10.6009 328.35
0.621 10.6163 328.375
0.622 10.6319 328.4
0.623 10.6475 328.425
0.624 10.6631 328.45
0.625 10.6787 328.475
0.626 10.6944 328.5
0.627 10.7102 328.525
0.628 10.7265 328.551
0.629 10.7424 328.576
0.63 10.7585 328.602
0.631 10.7744 328.627
0.632 10.7905 328.653
0.633 10.8066 328.678
0.634 10.8228 328.704
0.635 10.839 328.729
0.636 10.8552 328.755
0.637 10.8716 328.78
0.638 10.888 328.806
0.639 10.9051 328.833
0.64 10.9215 328.859
0.641 10.9382 328.885
0.642 10.9548 328.911
0.643 10.9715 328.937
0.644 10.9883 328.963
0.645 11.005 328.989
0.646 11.0219 329.015
0.647 11.0395 329.042
0.648 11.0565 329.068
0.649 11.0735 329.094
0.65 11.0907 329.121
0.651 11.1079 329.147
0.652 11.1251 329.174
0.653 11.1426 329.201
0.654 11.1605 329.228
0.655 11.178 329.255
0.656 11.1955 329.281
0.657 11.213 329.308
0.658 11.2307 329.335
0.659 11.2484 329.362
0.66 11.2668 329.39
0.661 11.2846 329.417
0.662 11.3026 329.444
0.663 11.3206 329.471
0.664 11.3387 329.498
0.665 11.3574 329.526
0.666 11.3756 329.554
0.667 11.3939 329.581
0.668 11.4122 329.609
0.669 11.4305 329.636
0.67 11.4497 329.665
0.671 11.4682 329.692
0.672 11.4868 329.72
0.673 11.5055 329.748
0.674 11.5248 329.777
0.675 11.5436 329.804
0.676 11.5626 329.833
0.677 11.5817 329.861
0.678 11.6007 329.889
0.679 11.6203 329.918
0.68 11.6396 329.946
0.681 11.6589 329.974
0.682 11.6782 330.003
0.683 11.6982 330.032
0.684 11.7178 330.061
0.685 11.7372 330.089
0.686 11.757 330.118
0.687 11.7773 330.148
0.688 11.7971 330.176
0.689 11.817 330.205
0.69 11.8375 330.235
0.691 11.8576 330.264
0.692 11.8777 330.293
0.693 11.8979 330.322
0.694 11.9187 330.352
0.695 11.9391 330.382
0.696 11.9595 330.411
0.697 11.9807 330.441
0.698 12.0012 330.471
0.699 12.022 330.501
0.7 12.0427 330.53
0.701 12.064 330.561
0.702 12.0849 330.59
0.703 12.106 330.621
0.704 12.1277 330.651
0.705 12.1488 330.681
0.706 12.17 330.711
0.707 12.1921 330.743
0.708 12.2135 330.773
0.709 12.235 330.803
0.71 12.2571 330.834
0.711 12.2788 330.865
0.712 12.3005 330.895
0.713 12.3231 330.927
0.714 12.3449 330.958
0.715 12.3671 330.989
0.716 12.3897 331.02
0.717 12.4119 331.051
0.718 12.4342 331.082
0.719 12.4571 331.114
0.72 12.4796 331.146
0.721 12.5021 331.177
0.722 12.5253 331.209
0.723 12.5481 331.24
0.724 12.5708 331.272
0.725 12.5945 331.305
0.726 12.6173 331.336
0.727 12.6406 331.368
0.728 12.6643 331.401
0.729 12.6876 331.433
0.73 12.7109 331.465
0.731 12.7349 331.497
0.732 12.7585 331.53
0.733 12.7828 331.563
0.734 12.8065 331.595
0.735 12.8302 331.627
0.736 12.8549 331.661
0.737 12.8788 331.693
0.738 12.9029 331.726
0.739 12.9277 331.76
0.74 12.952 331.793
0.741 12.9771 331.826
0.742 13.0015 331.859
0.743 13.0261 331.892
0.744 13.0515 331.927
0.745 13.0761 331.96
0.746 13.1017 331.994
0.747 13.1266 332.027
0.748 13.1516 332.061
0.749 13.1775 332.095
0.75 13.2027 332.129
0.751 13.2288 332.164
0.752 13.2542 332.198
0.753 13.2797 332.232
0.754 13.3059 332.266
0.755 13.3318 332.301
0.756 13.3583 332.336
0.757 13.3843 332.37
0.758 13.4103 332.404
0.759 13.4371 332.44
0.76 13.4633 332.474
0.761 13.4903 332.51
0.762 13.5168 332.545
0.763 13.5434 332.579
0.764 13.5707 332.615
0.765 13.5975 332.65
0.766 13.625 332.686
0.767 13.6519 332.721
0.768 13.679 332.757
0.769 13.7068 332.793
0.77 13.7342 332.828
0.771 13.7623 332.865
0.772 13.7897 332.9
0.773 13.818 332.937
0.774 13.8457 332.973
0.775 13.8734 333.009
0.776 13.9021 333.045
0.777 13.93 333.081
0.778 13.9589 333.119
0.779 13.9872 333.155
0.78 14.0154 333.191
0.781 14.0446 333.229
0.782 14.0731 333.265
0.783 14.1026 333.303
0.784 14.1314 333.339
0.785 14.1609 333.377
0.786 14.1899 333.414
0.787 14.219 333.451
0.788 14.2491 333.489
0.789 14.2784 333.526
0.79 14.3085 333.565
0.791 14.3381 333.602
0.792 14.3677 333.639
0.793 14.3981 333.678
0.794 14.428 333.715
0.795 14.4589 333.754
0.796 14.4889 333.792
0.797 14.5198 333.831
0.798 14.5502 333.869
0.799 14.5807 333.907
0.8 14.612 333.946
0.801 14.6425 333.984
0.802 14.6742 334.024
0.803 14.705 334.062
0.804 14.7368 334.102
0.805 14.7679 334.141
0.806 14.7992 334.179
0.807 14.8313 334.219
0.808 14.8627 334.258
0.809 14.8953 334.298
0.81 14.9269 334.337
0.811 14.9586 334.377
0.812 14.9915 334.417
0.813 15.0235 334.456
0.814 15.0564 334.497
0.815 15.0887 334.537
0.816 15.1211 334.576
0.817 15.1544 334.617
0.818 15.1872 334.657
0.819 15.2207 334.698
0.82 15.2536 334.738
0.821 15.2866 334.779
0.822 15.3205 334.82
0.823 15.3539 334.86
0.824 15.388 334.902
0.825 15.4214 334.942
0.826 15.4551 334.983
0.827 15.4896 335.025
0.828 15.5235 335.066
0.829 15.5583 335.108
0.83 15.5923 335.149
0.831 15.6265 335.19
0.832 15.6618 335.232
0.833 15.6962 335.274
0.834 15.7307 335.315
0.835 15.7664 335.358
0.836 15.8012 335.4
0.837 15.8371 335.443
0.838 15.8721 335.484
0.839 15.9072 335.526
0.84 15.9435 335.569
0.841 15.9789 335.612
0.842 16.0145 335.654
0.843 16.051 335.697
0.844 16.0868 335.74
0.845 16.1228 335.782
0.846 16.1597 335.826
0.847 16.1961 335.869
0.848 16.2322 335.912
0.849 16.2697 335.956
0.85 16.3063 335.999
0.851 16.343 336.042
0.852 16.3808 336.086
0.853 16.4178 336.13
0.854 16.4548 336.173
0.855 16.4929 336.218
0.856 16.5302 336.261
0.857 16.5678 336.305
0.858 16.6062 336.35
0.859 16.6441 336.394
0.86 16.682 336.438
0.861 16.721 336.483
0.862 16.759 336.528
0.863 16.7972 336.572
0.864 16.8366 336.617
0.865 16.8751 336.662
0.866 16.9137 336.707
0.867 16.9525 336.751
0.868 16.9925 336.797
0.869 17.0314 336.842
0.87 17.0706 336.887
0.871 17.11 336.933
0.872 17.1503 336.979
0.873 17.1898 337.024
0.874 17.2296 337.07
0.875 17.2694 337.115
0.876 17.3106 337.162
0.877 17.3505 337.208
0.878 17.3908 337.254
0.879 17.4313 337.3
0.88 17.4728 337.347
0.881 17.5133 337.393
0.882 17.5541 337.439
0.883 17.5951 337.486
0.884 17.636 337.532
0.885 17.6784 337.58
0.886 17.7195 337.626
0.887 17.761 337.673
0.888 17.8026 337.72
0.889 17.8444 337.767
0.89 17.8872 337.815
0.891 17.9292 337.862
0.892 17.9713 337.91
0.893 18.0137 337.957
0.894 18.0561 338.005
0.895 18.0985 338.052
0.896 18.1412 338.1
0.897 18.1852 338.149
0.898 18.2282 338.197
0.899 18.2713 338.245
0.9 18.3144 338.293
0.901 18.3578 338.341
0.902 18.4014 338.389
0.903 18.4451 338.438
0.904 18.4899 338.487
0.905 18.5339 338.536
0.906 18.5779 338.584
0.907 18.622 338.633
0.908 18.6666 338.682
0.909 18.711 338.731
0.91 18.7557 338.78
0.911 18.8004 338.829
0.912 18.8454 338.879
0.913 18.8902 338.928
0.914 18.9355 338.977
0.915 18.9808 339.027
0.916 19.0262 339.077
0.917 19.0719 339.126
0.918 19.1176 339.176
0.919 19.1636 339.226
0.92 19.2096 339.276
0.921 19.2557 339.326
0.922 19.3021 339.377
0.923 19.3485 339.427
0.924 19.3952 339.478
0.925 19.4419 339.528
0.926 19.4889 339.579
0.927 19.536 339.63
0.928 19.5833 339.681
0.929 19.6304 339.731
0.93 19.6781 339.783
0.931 19.7256 339.834
0.932 19.7733 339.885
0.933 19.8213 339.936
0.934 19.8681 339.987
0.935 19.9164 340.038
0.936 19.9646 340.09
0.937 20.0133 340.142
0.938 20.0618 340.194
0.939 20.1105 340.245
0.94 20.1596 340.298
0.941 20.2074 340.348
0.942 20.2565 340.401
0.943 20.306 340.453
0.944 20.3554 340.506
0.945 20.405 340.558
0.946 20.455 340.611
0.947 20.5035 340.662
0.948 20.5537 340.715
0.949 20.6039 340.768
0.95 20.6544 340.821
0.951 20.7036 340.873
0.952 20.7544 340.926
0.953 20.805 340.98
0.954 20.8562 341.033
0.955 20.906 341.085
0.956 20.9573 341.139
0.957 21.0086 341.193
0.958 21.059 341.245
0.959 21.1107 341.299
0.96 21.1626 341.353
0.961 21.2132 341.406
0.962 21.2655 341.46
0.963 21.3178 341.515
0.964 21.369 341.568
0.965 21.4215 341.622
0.966 21.4744 341.677
0.967 21.526 341.731
0.968 21.5791 341.785
0.969 21.6308 341.839
0.97 21.6844 341.894
0.971 21.7379 341.949
0.972 21.7902 342.003
0.973 21.844 342.058
0.974 21.8967 342.113
0.975 21.9508 342.168
0.976 22.0036 342.222
0.977 22.0581 342.278
0.978 22.1112 342.332
0.979 22.1661 342.388
0.98 22.2195 342.443
0.981 22.2747 342.499
0.982 22.3285 342.554
0.983 22.3824 342.609
0.984 22.4377 342.665
0.985 22.4922 342.721
0.986 22.5479 342.777
0.987 22.6025 342.832
0.988 22.6571 342.888
0.989 22.7134 342.945
0.99 22.7684 343
0.991 22.8234 343.056
0.992 22.8804 343.113
0.993 22.9357 343.169
0.994 22.9914 343.225
0.995 23.0485 343.282
0.996 23.1043 343.338
0.997 23.1604 343.395
0.998 23.2182 343.453
0.999 23.2746 343.509
1 23.3308 343.565
1.001 23.3876 343.622
1.002 23.4444 343.679
1.003 23.5028 343.737
1.004 23.5599 343.794
1.005 23.6172 343.851
1.006 23.6747 343.908
1.007 23.7321 343.965
1.008 23.7914 344.024
1.009 23.8493 344.082
1.01 23.9074 344.139
1.011 23.9654 344.197
1.012 24.0238 344.254
1.013 24.0822 344.312
1.014 24.1409 344.37
1.015 24.1997 344.428
1.016 24.2585 344.486
1.017 24.3177 344.544
1.018 24.3768 344.602
1.019 24.4361 344.66
1.02 24.4959 344.719
1.021 24.5555 344.777
1.022 24.6154 344.836
1.023 24.6754 344.895
1.024 24.7357 344.954
1.025 24.7957 345.012
1.026 24.8564 345.071
1.027 24.9171 345.13
1.028 24.9761 345.188
1.029 25.0372 345.247
1.03 25.098 345.306
1.031 25.1595 345.366
1.032 25.221 345.426
1.033 25.2825 345.485
1.034 25.3424 345.543
1.035 25.4043 345.603
1.036 25.4665 345.663
1.037 25.5285 345.723
1.038 25.5891 345.781
1.039 25.6518 345.842
1.04 25.7145 345.902
1.041 25.7755 345.961
1.042 25.8386 346.021
1.043 25.9017 346.082
1.044 25.9631 346.141
1.045 26.0266 346.201
1.046 26.0905 346.262
1.047 26.1523 346.322
1.048 26.2163 346.383
1.049 26.2785 346.442
1.05 26.3428 346.503
1.051 26.4054 346.563
1.052 26.4701 346.624
1.053 26.5331 346.684
1.054 26.5979 346.746
1.055 26.6613 346.806
1.056 26.7264 346.868
1.057 26.7899 346.928
1.058 26.8555 346.99
1.059 26.9196 347.05
1.06 26.9835 347.111
1.061 27.0495 347.173
1.062 27.1138 347.233
1.063 27.1784 347.294
1.064 27.245 347.357
1.065 27.3098 347.418
1.066 27.3745 347.478
1.067 27.4417 347.541
1.068 27.5071 347.603
1.069 27.5725 347.664
1.07 27.6381 347.725
1.071 27.7057 347.788
1.072 27.7716 347.85
1.073 27.8376 347.911
1.074 27.9041 347.973
1.075 27.9702 348.035
1.076 28.0369 348.097
1.077 28.1036 348.159
1.078 28.1704 348.221
1.079 28.2396 348.285
1.08 28.3068 348.347
1.081 28.3743 348.41
1.082 28.4418 348.472
1.083 28.5094 348.535
1.084 28.5771 348.597
1.085 28.6433 348.658
1.086 28.7114 348.721
1.087 28.7795 348.783
1.088 28.8482 348.847
1.089 28.9167 348.91
1.09 28.9856 348.973
1.091 29.0547 349.036
1.092 29.1237 349.099
1.093 29.1911 349.161
1.094 29.2605 349.225
1.095 29.3299 349.288
1.096 29.3999 349.352
1.097 29.47 349.416
1.098 29.538 349.478
1.099 29.6082 349.542
1.1 29.6787 349.606
1.101 29.7472 349.668
1.102 29.8181 349.732
1.103 29.8888 349.797
1.104 29.958 349.859
1.105 30.0291 349.924
1.106 30.0984 349.986
1.107 30.1699 350.051
1.108 30.2417 350.116
1.109 30.3115 350.179
1.11 30.3816 350.242
1.111 30.4539 350.307
1.112 30.5241 350.37
1.113 30.5968 350.435
1.114 30.6671 350.499
1.115 30.7405 350.564
1.116 30.8112 350.628
1.117 30.8823 350.692
1.118 30.9556 350.757
1.119 31.027 350.821
1.12 31.0986 350.885
1.121 31.1728 350.951
1.122 31.2445 351.015
1.123 31.3167 351.079
1.124 31.3888 351.144
1.125 31.4636 351.21
1.126 31.5361 351.274
1.127 31.6088 351.339
1.128 31.6817 351.404
1.129 31.7549 351.469
1.13 31.8278 351.533
1.131 31.9014 351.598
1.132 31.9748 351.663
1.133 32.0485 351.728
1.134 32.1223 351.793
1.135 32.1964 351.859
1.136 32.2706 351.924
1.137 32.3451 351.99
1.138 32.4197 352.055
1.139 32.4943 352.121
1.14 32.569 352.186
1.141 32.6441 352.252
1.142 32.7195 352.318
1.143 32.7949 352.384
1.144 32.868 352.448
1.145 32.9438 352.514
1.146 33.0198 352.581
1.147 33.0958 352.647
1.148 33.1696 352.711
1.149 33.2458 352.777
1.15 33.3225 352.844
1.151 33.3968 352.909
1.152 33.4737 352.976
1.153 33.5509 353.043
1.154 33.6257 353.107
1.155 33.7031 353.174
1.156 33.7783 353.24
1.157 33.856 353.307
1.158 33.9314 353.372
1.159 34.0095 353.439
1.16 34.0853 353.505
1.161 34.1639 353.572
1.162 34.2397 353.638
1.163 34.3187 353.706
1.164 34.395 353.771
1.165 34.4716 353.837
1.166 34.5511 353.905
1.167 34.6282 353.971
1.168 34.7053 354.037
1.169 34.7827 354.104
1.17 34.8624 354.172
1.171 34.94 354.238
1.172 35.0182 354.305
1.173 35.0959 354.371
1.174 35.1743 354.438
1.175 35.2549 354.506
1.176 35.3334 354.573
1.177 35.4122 354.64
1.178 35.4911 354.707
1.179 35.5701 354.774
1.18 35.6491 354.841
1.181 35.7285 354.908
1.182 35.8082 354.976
1.183 35.888 355.043
1.184 35.9675 355.111
1.185 36.0477 355.178
1.186 36.1266 355.245
1.187 36.2055 355.311
1.188 36.2862 355.379
1.189 36.367 355.447
1.19 36.4478 355.515
1.191 36.529 355.583
1.192 36.6074 355.649
1.193 36.689 355.718
1.194 36.7704 355.786
1.195 36.8495 355.852
1.196 36.9316 355.921
1.197 37.0138 355.989
1.198 37.0931 356.056
1.199 37.1754 356.124
1.2 37.2555 356.191
1.201 37.3385 356.26
1.202 37.4187 356.327
1.203 37.5019 356.396
1.204 37.5822 356.463
1.205 37.6661 356.533
1.206 37.7468 356.6
1.207 37.8305 356.669
1.208 37.912 356.736
1.209 37.9936 356.804
1.21 38.0778 356.874
1.211 38.1597 356.941
1.212 38.2415 357.009
1.213 38.325 357.078
1.214 38.4089 357.147
1.215 38.4911 357.214
1.216 38.574 357.283
1.217 38.6567 357.351
1.218 38.7397 357.419
1.219 38.8242 357.488
1.22 38.9091 357.558
1.221 38.9927 357.626
1.222 39.0762 357.695
1.223 39.1602 357.763
1.224 39.2442 357.832
1.225 39.3286 357.901
1.226 39.4113 357.968
1.227 39.4961 358.037
1.228 39.5792 358.105
1.229 39.6641 358.174
1.23 39.7491 358.243
1.231 39.8345 358.313
1.232 39.9199 358.382
1.233 40.0025 358.449
1.234 40.0884 358.519
1.235 40.1746 358.589
1.236 40.2606 358.658
1.237 40.3438 358.726
1.238 40.4305 358.796
1.239 40.5156 358.864
1.24 40.6007 358.933
1.241 40.6882 359.004
1.242 40.7723 359.071
1.243 40.8597 359.142
1.244 40.9442 359.21
1.245 41.032 359.28
1.246 41.1169 359.348
1.247 41.2049 359.419
1.248 41.2899 359.487
1.249 41.3757 359.556
1.25 41.4644 359.627
1.251 41.55 359.695
1.252 41.6374 359.765
1.253 41.7252 359.835
1.254 41.8113 359.904
1.255 41.898 359.973
1.256 41.986 360.043
1.257 42.0747 360.114
1.258 42.1617 360.183
1.259 42.2487 360.252
1.26 42.3358 360.321
1.261 42.4235 360.391
1.262 42.5113 360.46
1.263 42.5992 360.53
1.264 42.6872 360.6
1.265 42.7752 360.669
1.266 42.8636 360.739
1.267 42.9521 360.809
1.268 43.0409 360.879
1.269 43.1299 360.949
1.27 43.2195 361.02
1.271 43.3085 361.09
1.272 43.3964 361.159
1.273 43.4844 361.228
1.274 43.5743 361.299
1.275 43.6642 361.369
1.276 43.7527 361.439
1.277 43.8413 361.508
1.278 43.932 361.579
1.279 44.0211 361.649
1.28 44.1101 361.718
1.281 44.2017 361.79
1.282 44.2891 361.858
1.283 44.3808 361.929
1.284 44.469 361.998
1.285 44.5611 362.07
1.286 44.6497 362.139
1.287 44.742 362.211
1.288 44.8308 362.279
1.289 44.9217 362.35
1.29 45.0127 362.421
1.291 45.1025 362.49
1.292 45.1955 362.562
1.293 45.2855 362.632
1.294 45.3756 362.701
1.295 45.4657 362.771
1.296 45.5596 362.844
1.297 45.6505 362.914
1.298 45.7408 362.983
1.299 45.8318 363.053
1.3 45.9229 363.123
1.301 46.0159 363.195
1.302 46.1078 363.266
1.303 46.1991 363.336
1.304 46.2929 363.408
1.305 46.385 363.478
1.306 46.4752 363.547
1.307 46.5674 363.618
1.308 46.6603 363.689
1.309 46.7533 363.76
1.31 46.8438 363.829
1.311 46.937 363.9
1.312 47.0308 363.972
1.313 47.124 364.043
1.314 47.2161 364.113
1.315 47.3076 364.182
1.316 47.4017 364.254
1.317 47.4965 364.326
1.318 47.5869 364.395
1.319 47.6812 364.466
1.32 47.7763 364.538
1.321 47.8676 364.607
1.322 47.9627 364.679
1.323 48.056 364.75
1.324 48.1498 364.821
1.325 48.2435 364.892
1.326 48.3377 364.963
1.327 48.432 365.034
1.328 48.5263 365.105
1.329 48.6188 365.174
1.33 48.7158 365.247
1.331 48.8084 365.317
1.332 48.9036 365.388
1.333 48.9989 365.46
1.334 49.0924 365.53
1.335 49.186 365.6
1.336 49.284 365.674
1.337 49.3783 365.744
1.338 49.4721 365.814
1.339 49.5666 365.885
1.34 49.6636 365.957
1.341 49.7582 366.028
1.342 49.8529 366.098
1.343 49.9502 366.171
1.344 50.0457 366.242
1.345 50.1412 366.313
1.346 50.2368 366.384
1.347 50.3331 366.456
1.348 50.4288 366.527
1.349 50.5253 366.598
1.35 50.6199 366.668
1.351 50.7165 366.74
1.352 50.8112 366.81
1.353 50.908 366.881
1.354 51.0054 366.953
1.355 51.1029 367.025
1.356 51.1983 367.096
1.357 51.2937 367.166
1.358 51.3921 367.239
1.359 51.4902 367.311
1.36 51.5865 367.382
1.361 51.6825 367.452
1.362 51.7818 367.525
1.363 51.876 367.594
1.364 51.9755 367.667
1.365 52.0725 367.738
1.366 52.1701 367.81
1.367 52.2672 367.881
1.368 52.365 367.952
1.369 52.4609 368.022
1.37 52.5612 368.096
1.371 52.6569 368.165
1.372 52.7557 368.237
1.373 52.8545 368.309
1.374 52.9534 368.382
1.375 53.0524 368.454
1.376 53.1494 368.524
1.377 53.2466 368.595
1.378 53.3461 368.667
1.379 53.446 368.739
1.38 53.5437 368.81
1.381 53.6418 368.881
1.382 53.7396 368.952
1.383 53.8401 369.025
1.384 53.9391 369.096
1.385 54.0374 369.167
1.386 54.1385 369.24
1.387 54.2377 369.312
1.388 54.3369 369.383
1.389 54.4362 369.455
1.39 54.5363 369.527
1.391 54.6358 369.598
1.392 54.7333 369.668
1.393 54.8336 369.74
1.394 54.9339 369.812
1.395 55.0323 369.883
1.396 55.1328 369.955
1.397 55.234 370.028
1.398 55.3353 370.1
1.399 55.434 370.171
1.4 55.5334 370.242
1.401 55.6349 370.314
1.402 55.7372 370.387
1.403 55.8368 370.458
1.404 55.9365 370.529
1.405 56.039 370.602
1.406 56.1369 370.672
1.407 56.2401 370.745
1.408 56.3401 370.816
1.409 56.4416 370.888
1.41 56.5424 370.96
1.411 56.6433 371.031
1.412 56.7449 371.103
1.413 56.8466 371.175
1.414 56.9484 371.247
1.415 57.0502 371.319
1.416 57.1501 371.39
1.417 57.2521 371.462
1.418 57.3548 371.534
1.419 57.4549 371.605
1.42 57.5578 371.677
1.421 57.6615 371.75
1.422 57.7618 371.821
1.423 57.8656 371.894
1.424 57.9667 371.965
1.425 58.0706 372.038
1.426 58.1719 372.109
1.427 58.2739 372.18
1.428 58.3754 372.252
1.429 58.4803 372.325
1.43 58.5825 372.396
1.431 58.6848 372.468
1.432 58.7879 372.54
1.433 58.8903 372.612
1.434 58.9936 372.684
1.435 59.0969 372.756
1.436 59.2002 372.828
1.437 59.3043 372.9
1.438 59.4078 372.972
1.439 59.5093 373.043
1.44 59.613 373.115
1.441 59.7177 373.187
1.442 59.8226 373.26
1.443 59.9244 373.331
1.444 60.0297 373.404
1.445 60.1316 373.474
1.446 60.2371 373.547
1.447 60.3399 373.618
1.448 60.4461 373.692
1.449 60.5491 373.763
1.45 60.6555 373.836
1.451 60.7586 373.907
1.452 60.8624 373.979
1.453 60.9663 374.05
1.454 61.0706 374.122
1.455 61.1777 374.196
1.456 61.2791 374.265
1.457 61.3874 374.34
1.458 61.4889 374.409
1.459 61.5974 374.484
1.46 61.6997 374.554
1.461 61.8048 374.626
1.462 61.9108 374.698
1.463 62.0168 374.771
1.464 62.1228 374.843
1.465 62.2262 374.914
1.466 62.3324 374.986
1.467 62.4394 375.059
1.468 62.543 375.13
1.469 62.6501 375.203
1.47 62.7545 375.274
1.471 62.8618 375.347
1.472 62.967 375.418
1.473 63.0745 375.491
1.474 63.1798 375.563
1.475 63.2846 375.634
1.476 63.3937 375.708
1.477 63.4993 375.779
1.478 63.605 375.851
1.479 63.7107 375.922
1.48 63.8172 375.994
1.481 63.9238 376.066
1.482 64.0305 376.138
1.483 64.1372 376.21
1.484 64.2441 376.282
1.485 64.3509 376.354
1.486 64.4586 376.427
1.487 64.5664 376.499
1.488 64.6742 376.572
1.489 64.782 376.644
1.49 64.8872 376.715
1.491 64.9952 376.787
1.492 65.104 376.86
1.493 65.2093 376.931
1.494 65.319 377.004
1.495 65.4245 377.075
1.496 65.5343 377.148
1.497 65.6406 377.219
1.498 65.7506 377.293
1.499 65.8571 377.364
1.5 65.9636 377.435
