0.001 0.0989633 143.799
0.002 0.134748 168.732
0.003 0.170514 183.289
0.004 0.206147 193.573
0.005 0.241696 201.53
0.006 0.277151 208.015
0.007 0.313535 213.631
0.008 0.348802 218.338
0.009 0.384002 222.485
0.01 0.420091 226.284
0.011 0.455087 229.614
0.012 0.490018 232.651
0.013 0.52487 235.439
0.014 0.559613 238.014
0.015 0.594261 240.406
0.016 0.628834 242.64
0.017 0.664271 244.789
0.018 0.698669 246.756
0.019 0.733914 248.661
0.02 0.768137 250.416
0.021 0.802302 252.083
0.022 0.836315 253.666
0.023 0.871232 255.219
0.024 0.906024 256.699
0.025 0.939776 258.076
0.026 0.97348 259.398
0.027 1.00708 260.666
0.028 1.04152 261.919
0.029 1.07588 263.124
0.03 1.10923 264.255
0.031 1.14247 265.345
0.032 1.17656 266.427
0.033 1.21056 267.473
0.034 1.24354 268.457
0.035 1.27644 269.411
0.036 1.31015 270.361
0.037 1.34381 271.283
0.038 1.37646 272.154
0.039 1.40991 273.023
0.04 1.44326 273.867
0.041 1.47567 274.667
0.042 1.50795 275.445
0.043 1.54196 276.245
0.044 1.57407 276.983
0.045 1.6061 277.703
0.046 1.63982 278.444
0.047 1.67166 279.129
0.048 1.70437 279.818
0.049 1.73693 280.489
0.05 1.76851 281.127
0.051 1.80092 281.769
0.052 1.83324 282.396
0.053 1.86543 283.01
0.054 1.89758 283.61
0.055 1.92876 284.183
0.056 1.9607 284.758
0.057 1.99257 285.322
0.058 2.02437 285.875
0.059 2.05606 286.417
0.06 2.08767 286.948
0.061 2.11917 287.469
0.062 2.14972 287.966
0.063 2.18194 288.481
0.064 2.21237 288.96
0.065 2.24435 289.456
0.066 2.27461 289.918
0.067 2.30644 290.397
0.068 2.33654 290.843
0.069 2.36818 291.305
0.07 2.39891 291.747
0.071 2.42957 292.182
0.072 2.46011 292.609
0.073 2.4906 293.03
0.074 2.52102 293.444
0.075 2.55132 293.85
0.076 2.58235 294.261
0.077 2.61168 294.645
0.078 2.64253 295.043
0.079 2.67252 295.425
0.08 2.70239 295.801
0.081 2.73298 296.181
0.082 2.76271 296.546
0.083 2.79233 296.905
0.084 2.82267 297.268
0.085 2.85132 297.607
0.086 2.88149 297.96
0.087 2.91156 298.307
0.088 2.93997 298.632
0.089 2.96989 298.97
0.09 2.99968 299.303
0.091 3.02864 299.623
0.092 3.05752 299.939
0.093 3.08707 300.258
0.094 3.11574 300.565
0.095 3.14435 300.868
0.096 3.17368 301.175
0.097 3.2029 301.477
0.098 3.23126 301.768
0.099 3.25953 302.055
0.1 3.28847 302.346
0.101 3.31732 302.633
0.102 3.34539 302.91
0.103 3.37409 303.19
0.104 3.40192 303.459
0.105 3.43047 303.732
0.106 3.45889 304.001
0.107 3.48724 304.267
0.108 3.51476 304.523
0.109 3.54224 304.777
0.11 3.57032 305.033
0.111 3.59835 305.287
0.112 3.62627 305.537
0.113 3.65416 305.785
0.114 3.68117 306.023
0.115 3.70885 306.265
0.116 3.73645 306.504
0.117 3.76322 306.734
0.118 3.79067 306.967
0.119 3.81802 307.198
0.12 3.84525 307.426
0.121 3.87243 307.652
0.122 3.89954 307.875
0.123 3.92653 308.095
0.124 3.9535 308.313
0.125 3.98034 308.529
0.126 4.00709 308.742
0.127 4.03376 308.953
0.128 4.06039 309.162
0.129 4.08686 309.368
0.13 4.11329 309.572
0.131 4.13962 309.773
0.132 4.16589 309.973
0.133 4.19211 310.171
0.134 4.21818 310.366
0.135 4.24419 310.56
0.136 4.27016 310.751
0.137 4.296 310.941
0.138 4.32177 311.128
0.139 4.34746 311.314
0.14 4.37307 311.497
0.141 4.39926 311.684
0.142 4.4247 311.863
0.143 4.45072 312.046
0.144 4.47598 312.222
0.145 4.5012 312.397
0.146 4.52631 312.569
0.147 4.55132 312.74
0.148 4.57629 312.909
0.149 4.60185 313.081
0.15 4.6273 313.251
0.151 4.65199 313.416
0.152 4.67662 313.578
0.153 4.7012 313.739
0.154 4.7263 313.903
0.155 4.75132 314.065
0.156 4.7756 314.221
0.157 4.79985 314.376
0.158 4.824 314.529
0.159 4.84867 314.685
0.16 4.87331 314.839
0.161 4.89723 314.988
0.162 4.92168 315.14
0.163 4.94605 315.29
0.164 4.96971 315.434
0.165 4.99332 315.578
0.166 5.01747 315.724
0.167 5.04149 315.868
0.168 5.06485 316.008
0.169 5.08871 316.149
0.17 5.11255 316.29
0.171 5.13564 316.425
0.172 5.15928 316.563
0.173 5.18284 316.7
0.174 5.20571 316.832
0.175 5.22972 316.969
0.176 5.25244 317.099
0.177 5.27567 317.23
0.178 5.29882 317.361
0.179 5.32133 317.487
0.18 5.34487 317.618
0.181 5.36724 317.742
0.182 5.39061 317.871
0.183 5.4128 317.992
0.184 5.43546 318.116
0.185 5.45807 318.238
0.186 5.48058 318.36
0.187 5.50304 318.48
0.188 5.52539 318.599
0.189 5.54768 318.717
0.19 5.56982 318.834
0.191 5.59198 318.951
0.192 5.61454 319.068
0.193 5.63597 319.18
0.194 5.65839 319.296
0.195 5.67963 319.405
0.196 5.70191 319.519
0.197 5.72356 319.629
0.198 5.74512 319.738
0.199 5.76661 319.846
0.2 5.78801 319.954
0.201 5.80986 320.063
0.202 5.83114 320.168
0.203 5.85229 320.273
0.204 5.87393 320.379
0.205 5.89441 320.479
0.206 5.91586 320.584
0.207 5.93728 320.687
0.208 5.95752 320.785
0.209 5.97874 320.887
0.21 5.99992 320.988
0.211 6.02045 321.085
0.212 6.04087 321.182
0.213 6.06184 321.28
0.214 6.0821 321.375
0.215 6.10235 321.47
0.216 6.12301 321.566
0.217 6.14366 321.661
0.218 6.16362 321.753
0.219 6.18357 321.844
0.22 6.20388 321.937
0.221 6.22417 322.029
0.222 6.24439 322.12
0.223 6.26397 322.208
0.224 6.28352 322.295
0.225 6.30349 322.384
0.226 6.32338 322.473
0.227 6.3432 322.56
0.228 6.36289 322.647
0.229 6.38207 322.731
0.23 6.40165 322.816
0.231 6.42067 322.898
0.232 6.4401 322.982
0.233 6.45939 323.065
0.234 6.47865 323.148
0.235 6.49782 323.23
0.236 6.51697 323.311
0.237 6.53597 323.391
0.238 6.55489 323.471
0.239 6.57377 323.55
0.24 6.59255 323.628
0.241 6.61125 323.706
0.242 6.6299 323.783
0.243 6.64846 323.86
0.244 6.66693 323.936
0.245 6.68535 324.011
0.246 6.70367 324.086
0.247 6.72189 324.16
0.248 6.74007 324.233
0.249 6.7582 324.306
0.25 6.77622 324.378
0.251 6.79414 324.45
0.252 6.81201 324.521
0.253 6.82983 324.591
0.254 6.84753 324.661
0.255 6.86513 324.73
0.256 6.88316 324.801
0.257 6.90065 324.869
0.258 6.91845 324.938
0.259 6.93583 325.006
0.26 6.9531 325.072
0.261 6.97024 325.138
0.262 6.98738 325.203
0.263 7.00478 325.27
0.264 7.02218 325.336
0.265 7.03908 325.4
0.266 7.05586 325.463
0.267 7.07263 325.526
0.268 7.09011 325.591
0.269 7.10662 325.653
0.27 7.12314 325.714
0.271 7.13958 325.775
0.272 7.15673 325.838
0.273 7.17304 325.898
0.274 7.18921 325.957
0.275 7.20577 326.017
0.276 7.22219 326.077
0.277 7.23821 326.135
0.278 7.25449 326.193
0.279 7.27069 326.252
0.28 7.28648 326.308
0.281 7.30253 326.365
0.282 7.3185 326.422
0.283 7.33406 326.477
0.284 7.35029 326.534
0.285 7.36568 326.588
0.286 7.38134 326.643
0.287 7.39698 326.698
0.288 7.41213 326.751
0.289 7.42795 326.805
0.29 7.443 326.857
0.291 7.45865 326.911
0.292 7.47352 326.962
0.293 7.48907 327.015
0.294 7.50377 327.065
0.295 7.51915 327.118
0.296 7.53373 327.167
0.297 7.54893 327.218
0.298 7.5634 327.267
0.299 7.57841 327.317
0.3 7.5927 327.365
0.301 7.60767 327.415
0.302 7.62212 327.463
0.303 7.63654 327.51
0.304 7.65123 327.559
0.305 7.66517 327.605
0.306 7.67966 327.652
0.307 7.69384 327.698
0.308 7.70784 327.744
0.309 7.72219 327.79
0.31 7.73606 327.835
0.311 7.74983 327.879
0.312 7.76394 327.925
0.313 7.77765 327.969
0.314 7.79125 328.012
0.315 7.80505 328.056
0.316 7.81851 328.099
0.317 7.83195 328.141
0.318 7.84557 328.184
0.319 7.85909 328.226
0.32 7.87227 328.268
0.321 7.88533 328.308
0.322 7.89867 328.35
0.323 7.91197 328.391
0.324 7.92516 328.432
0.325 7.93793 328.471
0.326 7.95065 328.51
0.327 7.96357 328.55
0.328 7.97654 328.589
0.329 7.9893 328.628
0.33 8.00203 328.667
0.331 8.01472 328.705
0.332 8.02705 328.743
0.333 8.03957 328.78
0.334 8.05166 328.816
0.335 8.0641 328.854
0.336 8.07634 328.89
0.337 8.08861 328.927
0.338 8.10076 328.963
0.339 8.11278 328.998
0.34 8.12484 329.034
0.341 8.13678 329.069
0.342 8.14867 329.103
0.343 8.16042 329.138
0.344 8.17214 329.172
0.345 8.1838 329.206
0.346 8.19533 329.239
0.347 8.20681 329.272
0.348 8.21825 329.305
0.349 8.22963 329.338
0.35 8.24121 329.371
0.351 8.25266 329.404
0.352 8.26381 329.435
0.353 8.2749 329.467
0.354 8.28586 329.498
0.355 8.29684 329.529
0.356 8.30769 329.559
0.357 8.31874 329.59
0.358 8.32965 329.621
0.359 8.34034 329.651
0.36 8.35088 329.68
0.361 8.36136 329.709
0.362 8.37205 329.739
0.363 8.38268 329.768
0.364 8.393 329.796
0.365 8.40325 329.824
0.366 8.41362 329.853
0.367 8.42393 329.881
0.368 8.43392 329.908
0.369 8.44385 329.935
0.37 8.45424 329.963
0.371 8.46405 329.99
0.372 8.47379 330.016
0.373 8.48391 330.043
0.374 8.49353 330.069
0.375 8.50326 330.095
0.376 8.51293 330.121
0.377 8.52236 330.146
0.378 8.53208 330.171
0.379 8.54137 330.196
0.38 8.55078 330.221
0.381 8.56013 330.245
0.382 8.56931 330.269
0.383 8.57853 330.293
0.384 8.58749 330.317
0.385 8.59674 330.341
0.386 8.60548 330.364
0.387 8.6146 330.387
0.388 8.62347 330.41
0.389 8.63227 330.433
0.39 8.641 330.455
0.391 8.64965 330.477
0.392 8.65843 330.5
0.393 8.66676 330.521
0.394 8.67539 330.543
0.395 8.68376 330.564
0.396 8.69206 330.585
0.397 8.70047 330.606
0.398 8.70862 330.627
0.399 8.71679 330.647
0.4 8.72498 330.668
0.401 8.73291 330.688
0.402 8.74085 330.707
0.403 8.74882 330.727
0.404 8.7568 330.747
0.405 8.76433 330.765
0.406 8.77216 330.785
0.407 8.77991 330.804
0.408 8.78759 330.823
0.409 8.79499 330.841
0.41 8.80241 330.859
0.411 8.80985 330.877
0.412 8.8173 330.895
0.413 8.82468 330.913
0.414 8.83187 330.93
0.415 8.83899 330.948
0.416 8.84592 330.964
0.417 8.85307 330.981
0.418 8.86004 330.998
0.419 8.86703 331.015
0.42 8.87393 331.031
0.421 8.88074 331.048
0.422 8.88748 331.064
0.423 8.89413 331.079
0.424 8.90079 331.095
0.425 8.90737 331.11
0.426 8.91386 331.126
0.427 8.92027 331.141
0.428 8.92659 331.156
0.429 8.93292 331.17
0.43 8.93917 331.185
0.431 8.94533 331.199
0.432 8.9515 331.213
0.433 8.95748 331.227
0.434 8.96347 331.241
0.435 8.96959 331.255
0.436 8.9755 331.269
0.437 8.98133 331.282
0.438 8.98707 331.295
0.439 8.99271 331.308
0.44 8.99837 331.321
0.441 9.00415 331.334
0.442 9.00962 331.347
0.443 9.01511 331.359
0.444 9.0205 331.371
0.445 9.02591 331.383
0.446 9.03122 331.395
0.447 9.03643 331.407
0.448 9.04155 331.418
0.449 9.0469 331.43
0.45 9.05194 331.441
0.451 9.05688 331.452
0.452 9.06194 331.464
0.453 9.06679 331.474
0.454 9.07166 331.485
0.455 9.07643 331.496
0.456 9.0811 331.506
0.457 9.08588 331.516
0.458 9.09047 331.526
0.459 9.09517 331.537
0.46 9.09955 331.546
0.461 9.10405 331.556
0.462 9.10845 331.565
0.463 9.11275 331.575
0.464 9.11706 331.584
0.465 9.12138 331.593
0.466 9.12549 331.602
0.467 9.12971 331.611
0.468 9.13361 331.62
0.469 9.13775 331.628
0.47 9.14155 331.636
0.471 9.14559 331.645
0.472 9.14941 331.653
0.473 9.15313 331.661
0.474 9.15697 331.669
0.475 9.1607 331.677
0.476 9.16422 331.684
0.477 9.16785 331.692
0.478 9.17138 331.699
0.479 9.17492 331.707
0.48 9.17823 331.714
0.481 9.18167 331.721
0.482 9.185 331.728
0.483 9.18822 331.734
0.484 9.19145 331.741
0.485 9.19457 331.748
0.486 9.19781 331.754
0.487 9.20082 331.76
0.488 9.20385 331.767
0.489 9.20676 331.773
0.49 9.20967 331.779
0.491 9.21248 331.784
0.492 9.21529 331.79
0.493 9.21811 331.796
0.494 9.22082 331.801
0.495 9.22341 331.806
0.496 9.22601 331.812
0.497 9.22861 331.817
0.498 9.23111 331.822
0.499 9.2336 331.827
0.5 9.23598 331.832
0.501 9.23837 331.836
0.502 9.24064 331.841
0.503 9.24292 331.846
0.504 9.24508 331.85
0.505 9.24736 331.854
0.506 9.24941 331.858
0.507 9.25159 331.863
0.508 9.25352 331.867
0.509 9.25546 331.87
0.51 9.25741 331.874
0.511 9.25935 331.878
0.512 9.26118 331.882
0.513 9.26302 331.885
0.514 9.26473 331.888
0.515 9.26645 331.892
0.516 9.26804 331.895
0.517 9.26965 331.898
0.518 9.27125 331.901
0.519 9.27286 331.904
0.52 9.27422 331.907
0.521 9.27571 331.91
0.522 9.27708 331.912
0.523 9.27845 331.915
0.524 9.27969 331.917
0.525 9.28107 331.92
0.526 9.2822 331.922
0.527 9.28345 331.924
0.528 9.28458 331.927
0.529 9.28559 331.928
0.53 9.28673 331.931
0.531 9.28774 331.933
0.532 9.28863 331.934
0.533 9.28964 331.936
0.534 9.29053 331.938
0.535 9.2913 331.939
0.536 9.29206 331.941
0.537 9.29296 331.942
0.538 9.2936 331.944
0.539 9.29437 331.945
0.54 9.29501 331.946
0.541 9.29553 331.947
0.542 9.29617 331.948
0.543 9.29669 331.949
0.544 9.29721 331.95
0.545 9.2976 331.951
0.546 9.29812 331.952
0.547 9.29851 331.953
0.548 9.29877 331.953
0.549 9.29916 331.954
0.55 9.29943 331.954
0.551 9.29969 331.955
0.552 9.29982 331.955
0.553 9.30008 331.955
0.554 9.30022 331.956
0.555 9.30022 331.956
0.556 9.30035 331.956
0.557 9.30035 331.956
0.558 9.30035 331.956
0.559 9.30035 331.956
0.56 9.30022 331.956
0.561 9.30022 331.956
0.562 9.30008 331.955
0.563 9.29995 331.955
0.564 9.29968 331.955
0.565 9.29954 331.954
0.566 9.29927 331.954
0.567 9.299 331.954
0.568 9.2986 331.953
0.569 9.29833 331.952
0.57 9.29792 331.952
0.571 9.29751 331.951
0.572 9.2971 331.95
0.573 9.29669 331.949
0.574 9.29615 331.949
0.575 9.2956 331.948
0.576 9.29519 331.947
0.577 9.2945 331.946
0.578 9.29395 331.945
0.579 9.2934 331.944
0.58 9.29271 331.943
0.581 9.29201 331.941
0.582 9.29132 331.94
0.583 9.29063 331.939
0.584 9.28993 331.938
0.585 9.2891 331.936
0.586 9.2884 331.935
0.587 9.28756 331.934
0.588 9.28672 331.932
0.589 9.28588 331.931
0.59 9.28489 331.929
0.591 9.28405 331.928
0.592 9.2832 331.926
0.593 9.28221 331.925
0.594 9.28122 331.923
0.595 9.28023 331.921
0.596 9.27924 331.92
0.597 9.27824 331.918
0.598 9.27724 331.916
0.599 9.2761 331.914
0.6 9.2751 331.913
0.601 9.27396 331.911
0.602 9.27295 331.909
0.603 9.2718 331.907
0.604 9.27065 331.905
0.605 9.2695 331.903
0.606 9.26834 331.902
0.607 9.26719 331.9
0.608 9.26603 331.898
0.609 9.26472 331.896
0.61 9.26356 331.894
0.611 9.26225 331.892
0.612 9.26108 331.89
0.613 9.25977 331.887
0.614 9.2586 331.886
0.615 9.25728 331.883
0.616 9.25596 331.881
0.617 9.25464 331.879
0.618 9.25331 331.877
0.619 9.25198 331.875
0.62 9.2508 331.873
0.621 9.24932 331.871
0.622 9.24799 331.868
0.623 9.24665 331.866
0.624 9.24532 331.864
0.625 9.24398 331.862
0.626 9.24263 331.86
0.627 9.24129 331.858
0.628 9.23994 331.856
0.629 9.23859 331.853
0.63 9.23709 331.851
0.631 9.23574 331.849
0.632 9.23439 331.847
0.633 9.23303 331.845
0.634 9.23167 331.842
0.635 9.23016 331.84
0.636 9.22879 331.838
0.637 9.22743 331.836
0.638 9.22606 331.834
0.639 9.22469 331.831
0.64 9.22332 331.829
0.641 9.22194 331.827
0.642 9.22057 331.825
0.643 9.21919 331.823
0.644 9.21781 331.821
0.645 9.21642 331.819
0.646 9.21504 331.816
0.647 9.2138 331.815
0.648 9.21242 331.812
0.649 9.21102 331.81
0.65 9.20979 331.808
0.651 9.20839 331.806
0.652 9.20715 331.804
0.653 9.20575 331.802
0.654 9.2045 331.8
0.655 9.20325 331.798
0.656 9.202 331.796
0.657 9.20059 331.794
0.658 9.1995 331.793
0.659 9.19824 331.791
0.66 9.19698 331.789
0.661 9.19572 331.787
0.662 9.19462 331.785
0.663 9.19335 331.783
0.664 9.19225 331.782
0.665 9.19114 331.78
0.666 9.18987 331.778
0.667 9.18892 331.777
0.668 9.18764 331.775
0.669 9.18669 331.773
0.67 9.18557 331.772
0.671 9.18461 331.77
0.672 9.18349 331.769
0.673 9.18253 331.767
0.674 9.18156 331.766
0.675 9.1806 331.764
0.676 9.17979 331.763
0.677 9.17883 331.762
0.678 9.17802 331.76
0.679 9.17705 331.759
0.68 9.17624 331.758
0.681 9.17543 331.757
0.682 9.17478 331.756
0.683 9.17396 331.754
0.684 9.17331 331.753
0.685 9.17266 331.753
0.686 9.172 331.752
0.687 9.17135 331.751
0.688 9.17069 331.75
0.689 9.1702 331.749
0.69 9.16971 331.748
0.691 9.16921 331.748
0.692 9.16872 331.747
0.693 9.16839 331.746
0.694 9.16789 331.746
0.695 9.16756 331.745
0.696 9.16723 331.745
0.697 9.16706 331.744
0.698 9.16673 331.744
0.699 9.16657 331.744
0.7 9.1664 331.743
0.701 9.1664 331.743
0.702 9.16623 331.743
0.703 9.16623 331.743
0.704 9.16623 331.743
0.705 9.1664 331.743
0.706 9.1664 331.743
0.707 9.16657 331.744
0.708 9.16691 331.744
0.709 9.16707 331.744
0.71 9.16741 331.745
0.711 9.16775 331.745
0.712 9.16809 331.746
0.713 9.1686 331.747
0.714 9.16911 331.747
0.715 9.16962 331.748
0.716 9.17013 331.749
0.717 9.17082 331.75
0.718 9.1715 331.751
0.719 9.17236 331.752
0.72 9.17304 331.753
0.721 9.17407 331.754
0.722 9.17493 331.755
0.723 9.17597 331.757
0.724 9.177 331.758
0.725 9.17821 331.76
0.726 9.17925 331.761
0.727 9.18046 331.763
0.728 9.18185 331.765
0.729 9.18307 331.767
0.73 9.18463 331.769
0.731 9.18602 331.771
0.732 9.18759 331.773
0.733 9.18934 331.775
0.734 9.19091 331.777
0.735 9.19267 331.78
0.736 9.19459 331.782
0.737 9.19635 331.785
0.738 9.19828 331.787
0.739 9.2004 331.79
0.74 9.20251 331.793
0.741 9.20481 331.796
0.742 9.20693 331.799
0.743 9.20923 331.802
0.744 9.21171 331.805
0.745 9.2142 331.809
0.746 9.21686 331.812
0.747 9.21936 331.816
0.748 9.22221 331.82
0.749 9.22506 331.823
0.75 9.22792 331.827
0.751 9.23079 331.831
0.752 9.23383 331.835
0.753 9.23688 331.839
0.754 9.24011 331.843
0.755 9.24353 331.848
0.756 9.24695 331.852
0.757 9.25038 331.857
0.758 9.25399 331.862
0.759 9.25761 331.867
0.76 9.26141 331.872
0.761 9.26522 331.877
0.762 9.26921 331.882
0.763 9.27321 331.887
0.764 9.27722 331.892
0.765 9.28159 331.898
0.766 9.28597 331.904
0.767 9.29036 331.909
0.768 9.29493 331.915
0.769 9.29952 331.921
0.77 9.3041 331.927
0.771 9.30888 331.933
0.772 9.31384 331.94
0.773 9.31882 331.946
0.774 9.32417 331.953
0.775 9.32934 331.96
0.776 9.3347 331.967
0.777 9.34007 331.974
0.778 9.34544 331.981
0.779 9.35138 331.988
0.78 9.35714 331.996
0.781 9.36291 332.003
0.782 9.36887 332.011
0.783 9.37484 332.018
0.784 9.38138 332.027
0.785 9.38755 332.035
0.786 9.39392 332.043
0.787 9.40049 332.051
0.788 9.40743 332.06
0.789 9.4142 332.068
0.79 9.42098 332.077
0.791 9.42795 332.086
0.792 9.43531 332.095
0.793 9.44249 332.104
0.794 9.44987 332.114
0.795 9.45763 332.123
0.796 9.46522 332.133
0.797 9.47282 332.142
0.798 9.48099 332.153
0.799 9.4888 332.162
0.8 9.49699 332.173
0.801 9.50558 332.183
0.802 9.5138 332.194
0.803 9.52241 332.204
0.804 9.53122 332.215
0.805 9.54004 332.226
0.806 9.54907 332.237
0.807 9.55811 332.249
0.808 9.56754 332.26
0.809 9.57699 332.272
0.81 9.58625 332.283
0.811 9.5963 332.296
0.812 9.60597 332.308
0.813 9.61566 332.32
0.814 9.62613 332.333
0.815 9.63623 332.345
0.816 9.64673 332.358
0.817 9.65724 332.371
0.818 9.66816 332.384
0.819 9.6787 332.397
0.82 9.68964 332.41
0.821 9.70098 332.424
0.822 9.71215 332.438
0.823 9.72391 332.452
0.824 9.7353 332.466
0.825 9.74729 332.48
0.826 9.7591 332.495
0.827 9.77092 332.509
0.828 9.78355 332.524
0.829 9.7958 332.539
0.83 9.80845 332.554
0.831 9.82113 332.57
0.832 9.83421 332.585
0.833 9.84711 332.601
0.834 9.86063 332.617
0.835 9.87396 332.633
0.836 9.8873 332.649
0.837 9.90126 332.666
0.838 9.91504 332.682
0.839 9.92943 332.699
0.84 9.94345 332.716
0.841 9.95807 332.733
0.842 9.97252 332.751
0.843 9.98718 332.768
0.844 10.0025 332.786
0.845 10.0174 332.804
0.846 10.0329 332.822
0.847 10.0482 332.84
0.848 10.0636 332.858
0.849 10.0798 332.877
0.85 10.0958 332.896
0.851 10.1122 332.916
0.852 10.1284 332.935
0.853 10.1453 332.954
0.854 10.162 332.974
0.855 10.1787 332.994
0.856 10.1962 333.014
0.857 10.2134 333.034
0.858 10.2306 333.054
0.859 10.249 333.076
0.86 10.2666 333.096
0.861 10.2845 333.117
0.862 10.3031 333.138
0.863 10.3217 333.16
0.864 10.3402 333.181
0.865 10.3596 333.204
0.866 10.3783 333.225
0.867 10.3976 333.248
0.868 10.4168 333.27
0.869 10.4371 333.293
0.87 10.4568 333.316
0.871 10.4767 333.339
0.872 10.4969 333.362
0.873 10.5181 333.386
0.874 10.5387 333.41
0.875 10.5595 333.434
0.876 10.5804 333.457
0.877 10.6017 333.482
0.878 10.6239 333.507
0.879 10.6457 333.532
0.88 10.6675 333.557
0.881 10.6895 333.582
0.882 10.712 333.607
0.883 10.7343 333.632
0.884 10.7573 333.658
0.885 10.7811 333.685
0.886 10.8043 333.712
0.887 10.828 333.738
0.888 10.8517 333.765
0.889 10.8754 333.792
0.89 10.8996 333.819
0.891 10.9242 333.847
0.892 10.9489 333.874
0.893 10.9736 333.902
0.894 10.9989 333.93
0.895 11.0243 333.959
0.896 11.0491 333.986
0.897 11.0747 334.015
0.898 11.1008 334.044
0.899 11.1274 334.074
0.9 11.154 334.103
0.901 11.1808 334.133
0.902 11.2081 334.163
0.903 11.2344 334.192
0.904 11.2619 334.223
0.905 11.29 334.254
0.906 11.318 334.285
0.907 11.3453 334.315
0.908 11.3741 334.347
0.909 11.4031 334.378
0.91 11.4311 334.409
0.911 11.4606 334.442
0.912 11.4906 334.475
0.913 11.5193 334.506
0.914 11.5496 334.539
0.915 11.579 334.571
0.916 11.61 334.605
0.917 11.6397 334.638
0.918 11.6712 334.672
0.919 11.7019 334.705
0.92 11.7336 334.74
0.921 11.7646 334.774
0.922 11.796 334.808
0.923 11.8288 334.843
0.924 11.8607 334.878
0.925 11.8929 334.913
0.926 11.9266 334.949
0.927 11.9593 334.984
0.928 11.9923 335.02
0.929 12.0255 335.056
0.93 12.0603 335.093
0.931 12.0942 335.129
0.932 12.1284 335.166
0.933 12.1629 335.203
0.934 12.1976 335.24
0.935 12.2326 335.278
0.936 12.2681 335.316
0.937 12.3036 335.354
0.938 12.3395 335.392
0.939 12.3758 335.431
0.94 12.4121 335.469
0.941 12.4489 335.508
0.942 12.4848 335.546
0.943 12.5221 335.586
0.944 12.5599 335.626
0.945 12.5981 335.667
0.946 12.6349 335.706
0.947 12.6735 335.746
0.948 12.7126 335.788
0.949 12.7503 335.827
0.95 12.7902 335.869
0.951 12.8285 335.91
0.952 12.8686 335.952
0.953 12.9077 335.993
0.954 12.9486 336.036
0.955 12.9884 336.077
0.956 13.0283 336.119
0.957 13.0703 336.163
0.958 13.1109 336.205
0.959 13.152 336.248
0.96 13.1932 336.291
0.961 13.2365 336.336
0.962 13.2784 336.38
0.963 13.3207 336.424
0.964 13.3634 336.468
0.965 13.4062 336.513
0.966 13.4494 336.557
0.967 13.4932 336.603
0.968 13.537 336.648
0.969 13.5814 336.694
0.97 13.6244 336.738
0.971 13.6693 336.784
0.972 13.7144 336.831
0.973 13.7601 336.878
0.974 13.8042 336.923
0.975 13.8507 336.971
0.976 13.8972 337.018
0.977 13.9424 337.065
0.978 13.9899 337.113
0.979 14.0356 337.16
0.98 14.0837 337.209
0.981 14.1305 337.257
0.982 14.1773 337.305
0.983 14.2265 337.355
0.984 14.2743 337.403
0.985 14.3222 337.452
0.986 14.3706 337.501
0.987 14.419 337.55
0.988 14.4694 337.601
0.989 14.5199 337.652
0.99 14.5694 337.702
0.991 14.6195 337.753
0.992 14.6679 337.802
0.993 14.7188 337.853
0.994 14.77 337.904
0.995 14.8217 337.956
0.996 14.8734 338.008
0.997 14.9238 338.059
0.998 14.9766 338.112
0.999 15.0294 338.165
1 15.0809 338.216
1.001 15.1348 338.27
1.002 15.1869 338.322
1.003 15.239 338.374
1.004 15.294 338.429
1.005 15.3472 338.482
1.006 15.4009 338.535
1.007 15.4556 338.59
1.008 15.5113 338.645
1.009 15.5656 338.699
1.01 15.621 338.754
1.011 15.6762 338.808
1.012 15.7319 338.863
1.013 15.7881 338.919
1.014 15.8449 338.975
1.015 15.9005 339.03
1.016 15.9567 339.085
1.017 16.0144 339.142
1.018 16.0724 339.199
1.019 16.1285 339.254
1.02 16.1873 339.312
1.021 16.2442 339.367
1.022 16.3036 339.426
1.023 16.3612 339.482
1.024 16.4217 339.541
1.025 16.4803 339.598
1.026 16.539 339.655
1.027 16.5982 339.713
1.028 16.659 339.772
1.029 16.7203 339.832
1.03 16.7807 339.89
1.031 16.8411 339.949
1.032 16.9021 340.008
1.033 16.9626 340.067
1.034 17.0228 340.125
1.035 17.0854 340.186
1.036 17.1481 340.246
1.037 17.2099 340.306
1.038 17.2717 340.365
1.039 17.3361 340.427
1.04 17.3976 340.487
1.041 17.4621 340.549
1.042 17.5247 340.609
1.043 17.5888 340.67
1.044 17.6535 340.732
1.045 17.7167 340.793
1.046 17.781 340.854
1.047 17.8469 340.917
1.048 17.9113 340.979
1.049 17.9783 341.043
1.05 18.0439 341.105
1.051 18.1085 341.166
1.052 18.1747 341.229
1.053 18.2399 341.291
1.054 18.3073 341.355
1.055 18.3751 341.42
1.056 18.4401 341.481
1.057 18.5086 341.546
1.058 18.5761 341.61
1.059 18.6438 341.674
1.06 18.712 341.738
1.061 18.7808 341.803
1.062 18.8481 341.866
1.063 18.9175 341.932
1.064 18.9875 341.998
1.065 19.056 342.062
1.066 19.1251 342.127
1.067 19.1948 342.192
1.068 19.265 342.258
1.069 19.3353 342.324
1.07 19.4062 342.39
1.071 19.4772 342.456
1.072 19.5472 342.522
1.073 19.6177 342.587
1.074 19.6899 342.655
1.075 19.7596 342.72
1.076 19.8329 342.788
1.077 19.9048 342.854
1.078 19.9772 342.922
1.079 20.0487 342.988
1.08 20.1218 343.056
1.081 20.1955 343.124
1.082 20.2682 343.191
1.083 20.341 343.258
1.084 20.4138 343.326
1.085 20.4878 343.394
1.086 20.5618 343.462
1.087 20.6364 343.531
1.088 20.7111 343.599
1.089 20.7868 343.669
1.09 20.8627 343.739
1.091 20.9371 343.807
1.092 21.0115 343.875
1.093 21.0886 343.946
1.094 21.1626 344.013
1.095 21.2404 344.084
1.096 21.3151 344.152
1.097 21.394 344.224
1.098 21.4694 344.293
1.099 21.5453 344.362
1.1 21.6235 344.433
1.101 21.7001 344.503
1.102 21.7794 344.575
1.103 21.8567 344.645
1.104 21.9345 344.716
1.105 22.013 344.787
1.106 22.09 344.856
1.107 22.1691 344.928
1.108 22.2468 344.998
1.109 22.3271 345.07
1.11 22.4054 345.141
1.111 22.4843 345.212
1.112 22.5659 345.285
1.113 22.6434 345.355
1.114 22.7257 345.429
1.115 22.8043 345.5
1.116 22.8852 345.572
1.117 22.9666 345.645
1.118 23.0466 345.716
1.119 23.1266 345.788
1.12 23.2072 345.86
1.121 23.2884 345.932
1.122 23.3697 346.005
1.123 23.4516 346.078
1.124 23.5341 346.151
1.125 23.6166 346.225
1.126 23.6998 346.299
1.127 23.7815 346.371
1.128 23.8632 346.444
1.129 23.9477 346.519
1.13 24.0301 346.591
1.131 24.1136 346.665
1.132 24.1967 346.739
1.133 24.281 346.813
1.134 24.3626 346.885
1.135 24.4475 346.96
1.136 24.5331 347.035
1.137 24.616 347.108
1.138 24.6995 347.182
1.139 24.7836 347.256
1.14 24.8711 347.332
1.141 24.956 347.407
1.142 25.0387 347.479
1.143 25.1248 347.555
1.144 25.2109 347.63
1.145 25.2977 347.706
1.146 25.3824 347.78
1.147 25.4671 347.854
1.148 25.5557 347.931
1.149 25.6412 348.005
1.15 25.7278 348.081
1.151 25.8145 348.156
1.152 25.9018 348.232
1.153 25.9891 348.308
1.154 26.0749 348.382
1.155 26.163 348.458
1.156 26.2495 348.533
1.157 26.3389 348.61
1.158 26.4261 348.686
1.159 26.5139 348.762
1.16 26.6013 348.837
1.161 26.6898 348.913
1.162 26.779 348.99
1.163 26.8682 349.067
1.164 26.9548 349.141
1.165 27.0453 349.219
1.166 27.1359 349.297
1.167 27.2243 349.372
1.168 27.3128 349.448
1.169 27.402 349.524
1.17 27.4912 349.601
1.171 27.5811 349.678
1.172 27.6716 349.755
1.173 27.7621 349.832
1.174 27.8533 349.91
1.175 27.9424 349.986
1.176 28.0343 350.064
1.177 28.1241 350.14
1.178 28.2167 350.219
1.179 28.3072 350.296
1.18 28.3983 350.373
1.181 28.4895 350.45
1.182 28.5813 350.528
1.183 28.6732 350.605
1.184 28.7624 350.681
1.185 28.8556 350.76
1.186 28.946 350.836
1.187 29.04 350.915
1.188 29.1306 350.991
1.189 29.2258 351.071
1.19 29.3177 351.149
1.191 29.4102 351.226
1.192 29.5028 351.304
1.193 29.5961 351.382
1.194 29.69 351.461
1.195 29.7805 351.537
1.196 29.8751 351.616
1.197 29.9687 351.694
1.198 30.0624 351.772
1.199 30.1549 351.85
1.2 30.251 351.93
1.201 30.3443 352.007
1.202 30.4383 352.086
1.203 30.5323 352.164
1.204 30.627 352.242
1.205 30.7224 352.322
1.206 30.8143 352.398
1.207 30.9098 352.477
1.208 31.0066 352.557
1.209 31.0999 352.634
1.21 31.1968 352.715
1.211 31.2915 352.793
1.212 31.3856 352.87
1.213 31.4805 352.949
1.214 31.5759 353.027
1.215 31.6721 353.106
1.216 31.7683 353.186
1.217 31.8646 353.265
1.218 31.9621 353.345
1.219 32.0557 353.422
1.22 32.1539 353.502
1.221 32.2482 353.58
1.222 32.3472 353.661
1.223 32.4428 353.739
1.224 32.5385 353.817
1.225 32.6366 353.897
1.226 32.7354 353.978
1.227 32.8307 354.055
1.228 32.9284 354.135
1.229 33.0245 354.213
1.23 33.123 354.293
1.231 33.2222 354.374
1.232 33.3173 354.451
1.233 33.4172 354.532
1.234 33.5131 354.61
1.235 33.6137 354.692
1.236 33.7104 354.77
1.237 33.8082 354.849
1.238 33.9062 354.928
1.239 34.0042 355.007
1.24 34.1029 355.087
1.241 34.2017 355.166
1.242 34.3017 355.247
1.243 34.3995 355.326
1.244 34.4979 355.405
1.245 34.5988 355.486
1.246 34.6956 355.564
1.247 34.7973 355.645
1.248 34.8948 355.723
1.249 34.9936 355.803
1.25 35.0943 355.883
1.251 35.1957 355.964
1.252 35.2954 356.044
1.253 35.3951 356.123
1.254 35.4931 356.202
1.255 35.5918 356.28
1.256 35.693 356.361
1.257 35.7943 356.441
1.258 35.892 356.519
1.259 35.9946 356.601
1.26 36.0931 356.679
1.261 36.1965 356.761
1.262 36.2951 356.839
1.263 36.3951 356.918
1.264 36.4975 356.999
1.265 36.6 357.08
1.266 36.7014 357.161
1.267 36.8022 357.24
1.268 36.902 357.319
1.269 37.0036 357.399
1.27 37.1041 357.478
1.271 37.2071 357.559
1.272 37.3077 357.638
1.273 37.4096 357.718
1.274 37.5135 357.8
1.275 37.6138 357.879
1.276 37.7135 357.957
1.277 37.8194 358.04
1.278 37.9205 358.119
1.279 38.0217 358.198
1.28 38.1236 358.278
1.281 38.2256 358.357
1.282 38.3282 358.438
1.283 38.4316 358.518
1.284 38.535 358.599
1.285 38.6367 358.678
1.286 38.7385 358.757
1.287 38.8427 358.838
1.288 38.9459 358.918
1.289 39.0491 358.998
1.29 39.1499 359.076
1.291 39.2558 359.159
1.292 39.358 359.238
1.293 39.4597 359.316
1.294 39.5652 359.398
1.295 39.6701 359.479
1.296 39.7739 359.559
1.297 39.8778 359.639
1.298 39.9817 359.719
1.299 40.0832 359.797
1.3 40.1855 359.876
1.301 40.2909 359.957
1.302 40.397 360.039
1.303 40.5001 360.118
1.304 40.6039 360.198
1.305 40.7084 360.278
1.306 40.813 360.358
1.307 40.9152 360.436
1.308 41.0237 360.519
1.309 41.1266 360.598
1.31 41.2303 360.677
1.311 41.334 360.756
1.312 41.4416 360.838
1.313 41.5461 360.918
1.314 41.6507 360.997
1.315 41.7566 361.078
1.316 41.8595 361.156
1.317 41.9656 361.237
1.318 42.0724 361.318
1.319 42.1767 361.397
1.32 42.2812 361.476
1.321 42.3895 361.558
1.322 42.4916 361.635
1.323 42.5975 361.715
1.324 42.7042 361.796
1.325 42.8109 361.876
1.326 42.9177 361.957
1.327 43.0221 362.036
1.328 43.1272 362.115
1.329 43.2355 362.196
1.33 43.3414 362.276
1.331 43.4467 362.355
1.332 43.5533 362.435
1.333 43.6575 362.514
1.334 43.7644 362.594
1.335 43.8725 362.675
1.336 43.9802 362.755
1.337 44.0853 362.834
1.338 44.1912 362.913
1.339 44.301 362.995
1.34 44.407 363.074
1.341 44.5144 363.154
1.342 44.618 363.232
1.343 44.7255 363.312
1.344 44.8338 363.392
1.345 44.9422 363.473
1.346 45.048 363.552
1.347 45.1572 363.633
1.348 45.2632 363.711
1.349 45.3706 363.791
1.35 45.478 363.871
1.351 45.5849 363.95
1.352 45.6932 364.03
1.353 45.8016 364.11
1.354 45.9106 364.191
1.355 46.0159 364.268
1.356 46.1225 364.347
1.357 46.2325 364.428
1.358 46.3393 364.507
1.359 46.4468 364.586
1.36 46.5583 364.668
1.361 46.6628 364.745
1.362 46.7751 364.827
1.363 46.8804 364.904
1.364 46.9896 364.985
1.365 47.0995 365.065
1.366 47.2057 365.143
1.367 47.3164 365.224
1.368 47.424 365.303
1.369 47.5317 365.381
1.37 47.6401 365.46
1.371 47.7486 365.54
1.372 47.8611 365.622
1.373 47.9671 365.699
1.374 48.0771 365.779
1.375 48.1872 365.859
1.376 48.2935 365.936
1.377 48.4051 366.017
1.378 48.5121 366.095
1.379 48.6239 366.176
1.38 48.7324 366.255
1.381 48.8417 366.334
1.382 48.9504 366.413
1.383 49.0598 366.492
1.384 49.17 366.571
1.385 49.2802 366.651
1.386 49.3906 366.731
1.387 49.4983 366.808
1.388 49.6101 366.889
1.389 49.7214 366.969
1.39 49.83 367.047
1.391 49.9388 367.126
1.392 50.0483 367.204
1.393 50.1578 367.283
1.394 50.2681 367.362
1.395 50.3785 367.441
1.396 50.489 367.52
1.397 50.5995 367.599
1.398 50.7114 367.68
1.399 50.8235 367.76
1.4 50.9316 367.837
1.401 51.0445 367.918
1.402 51.1534 367.995
1.403 51.2631 368.073
1.404 51.3728 368.152
1.405 51.4867 368.233
1.406 51.5979 368.312
1.407 51.7086 368.391
1.408 51.82 368.47
1.409 51.9275 368.546
1.41 52.0397 368.626
1.411 52.152 368.705
1.412 52.2651 368.785
1.413 52.3742 368.863
1.414 52.4841 368.94
1.415 52.5974 369.02
1.416 52.7081 369.099
1.417 52.8188 369.177
1.418 52.9337 369.258
1.419 53.0447 369.336
1.42 53.157 369.415
1.421 53.2668 369.493
1.422 53.3766 369.57
1.423 53.4899 369.649
1.424 53.6032 369.729
1.425 53.7119 369.805
1.426 53.8261 369.885
1.427 53.9363 369.963
1.428 54.0506 370.043
1.429 54.1623 370.121
1.43 54.2728 370.198
1.431 54.3846 370.276
1.432 54.5007 370.358
1.433 54.6127 370.436
1.434 54.7234 370.513
1.435 54.8342 370.59
1.436 54.9479 370.669
1.437 55.0616 370.749
1.438 55.1754 370.828
1.439 55.2851 370.904
1.44 55.4004 370.984
1.441 55.5103 371.06
1.442 55.6258 371.14
1.443 55.7372 371.218
1.444 55.8501 371.296
1.445 55.9658 371.376
1.446 56.0789 371.454
1.447 56.192 371.532
1.448 56.3052 371.611
1.449 56.4185 371.689
1.45 56.5277 371.764
1.451 56.6425 371.843
1.452 56.7574 371.922
1.453 56.8724 372.002
1.454 56.9832 372.078
1.455 57.0984 372.157
1.456 57.2094 372.233
1.457 57.3261 372.313
1.458 57.4387 372.391
1.459 57.5514 372.468
1.46 57.6641 372.545
1.461 57.7797 372.624
1.462 57.8912 372.701
1.463 58.007 372.78
1.464 58.1214 372.858
1.465 58.2338 372.935
1.466 58.3491 373.013
1.467 58.4638 373.092
1.468 58.58 373.171
1.469 58.6913 373.247
1.47 58.8083 373.326
1.471 58.9198 373.402
1.472 59.037 373.482
1.473 59.1494 373.558
1.474 59.2632 373.635
1.475 59.3813 373.715
1.476 59.4953 373.793
1.477 59.6093 373.87
1.478 59.7235 373.947
1.479 59.8377 374.024
1.48 59.9534 374.103
1.481 60.0685 374.18
1.482 60.1843 374.259
1.483 60.2981 374.335
1.484 60.4113 374.412
1.485 60.5288 374.491
1.486 60.6407 374.566
1.487 60.7584 374.645
1.488 60.8733 374.722
1.489 60.9897 374.801
1.49 61.1033 374.877
1.491 61.2199 374.955
1.492 61.3365 375.033
1.493 61.4504 375.11
1.494 61.5658 375.187
1.495 61.6812 375.264
1.496 61.7967 375.341
1.497 61.9123 375.419
1.498 62.028 375.496
1.499 62.1452 375.574
1.5 62.2625 375.652
