0.001 0.09897 143.829
0.002 0.134836 168.823
0.003 0.170665 183.411
0.004 0.206468 193.748
0.005 0.242206 201.752
0.006 0.278856 208.443
0.007 0.314479 213.932
0.008 0.350059 218.685
0.009 0.386577 222.984
0.01 0.422031 226.715
0.011 0.457467 230.091
0.012 0.492837 233.17
0.013 0.528118 235.996
0.014 0.564387 238.686
0.015 0.600516 241.177
0.016 0.635684 243.444
0.017 0.6708 245.573
0.018 0.705854 247.578
0.019 0.741786 249.521
0.02 0.777682 251.362
0.021 0.812564 253.063
0.022 0.847403 254.684
0.023 0.883133 256.273
0.024 0.918812 257.792
0.025 0.953437 259.205
0.026 0.989008 260.6
0.027 1.0245 261.939
0.028 1.05899 263.193
0.029 1.09437 264.435
0.03 1.12971 265.633
0.031 1.16404 266.758
0.032 1.19924 267.876
0.033 1.23438 268.957
0.034 1.26853 269.977
0.035 1.30445 271.018
0.036 1.33851 271.977
0.037 1.37342 272.934
0.038 1.40824 273.863
0.039 1.44305 274.767
0.04 1.47774 275.645
0.041 1.51239 276.501
0.042 1.54698 277.334
0.043 1.58155 278.148
0.044 1.61603 278.94
0.045 1.6504 279.713
0.046 1.68477 280.468
0.047 1.71909 281.206
0.048 1.75328 281.926
0.049 1.78834 282.649
0.05 1.82157 283.32
0.051 1.85648 284.012
0.052 1.89047 284.672
0.053 1.92436 285.317
0.054 1.95908 285.966
0.055 1.99287 286.586
0.056 2.02661 287.194
0.057 2.0611 287.805
0.058 2.09471 288.389
0.059 2.12824 288.962
0.06 2.16257 289.539
0.061 2.19597 290.092
0.062 2.22928 290.633
0.063 2.26343 291.18
0.064 2.29746 291.716
0.065 2.33062 292.23
0.066 2.36451 292.747
0.067 2.39751 293.243
0.068 2.43131 293.744
0.069 2.46502 294.236
0.07 2.49863 294.72
0.071 2.53137 295.184
0.072 2.56403 295.641
0.073 2.59749 296.103
0.074 2.63085 296.556
0.075 2.66414 297.003
0.076 2.69737 297.443
0.077 2.73049 297.876
0.078 2.76361 298.304
0.079 2.79659 298.724
0.08 2.82954 299.138
0.081 2.86159 299.536
0.082 2.89439 299.939
0.083 2.92712 300.335
0.084 2.95976 300.726
0.085 2.99236 301.112
0.086 3.02563 301.501
0.087 3.0581 301.877
0.088 3.09044 302.246
0.089 3.12276 302.611
0.09 3.15495 302.971
0.091 3.18714 303.327
0.092 3.21921 303.677
0.093 3.25118 304.023
0.094 3.28314 304.365
0.095 3.31572 304.709
0.096 3.34828 305.05
0.097 3.37999 305.379
0.098 3.41165 305.704
0.099 3.44321 306.024
0.1 3.47543 306.348
0.101 3.50687 306.661
0.102 3.53891 306.976
0.103 3.57019 307.281
0.104 3.60137 307.583
0.105 3.63396 307.895
0.106 3.665 308.189
0.107 3.69598 308.48
0.108 3.72761 308.774
0.109 3.75911 309.064
0.11 3.78987 309.345
0.111 3.82127 309.629
0.112 3.85253 309.91
0.113 3.88305 310.181
0.114 3.91493 310.462
0.115 3.94529 310.727
0.116 3.97624 310.995
0.117 4.00718 311.261
0.118 4.038 311.523
0.119 4.06874 311.782
0.12 4.09871 312.033
0.121 4.12997 312.293
0.122 4.1598 312.538
0.123 4.19094 312.792
0.124 4.22056 313.032
0.125 4.25155 313.281
0.126 4.28171 313.521
0.127 4.31181 313.759
0.128 4.34184 313.995
0.129 4.3718 314.228
0.13 4.40231 314.464
0.131 4.43143 314.687
0.132 4.46178 314.918
0.133 4.49204 315.146
0.134 4.52091 315.362
0.135 4.55102 315.586
0.136 4.58104 315.808
0.137 4.60964 316.017
0.138 4.63954 316.235
0.139 4.66926 316.449
0.14 4.69833 316.658
0.141 4.72727 316.864
0.142 4.75675 317.072
0.143 4.78618 317.278
0.144 4.81485 317.478
0.145 4.84413 317.681
0.146 4.87264 317.877
0.147 4.9017 318.075
0.148 4.93068 318.272
0.149 4.95957 318.466
0.15 4.98841 318.659
0.151 5.01651 318.846
0.152 5.04515 319.035
0.153 5.07311 319.218
0.154 5.10154 319.403
0.155 5.12994 319.587
0.156 5.15819 319.769
0.157 5.1864 319.949
0.158 5.21448 320.127
0.159 5.24252 320.304
0.16 5.27043 320.479
0.161 5.29829 320.653
0.162 5.32601 320.825
0.163 5.35367 320.995
0.164 5.38181 321.167
0.165 5.40931 321.334
0.166 5.43669 321.5
0.167 5.4646 321.667
0.168 5.49175 321.829
0.169 5.51891 321.99
0.17 5.54591 322.15
0.171 5.57286 322.308
0.172 5.60029 322.468
0.173 5.6276 322.626
0.174 5.65424 322.78
0.175 5.68078 322.932
0.176 5.70786 323.086
0.177 5.73479 323.239
0.178 5.76107 323.387
0.179 5.78728 323.534
0.18 5.81395 323.682
0.181 5.8405 323.829
0.182 5.86646 323.972
0.183 5.89283 324.117
0.184 5.91908 324.26
0.185 5.94472 324.399
0.186 5.97135 324.542
0.187 5.99683 324.679
0.188 6.02267 324.817
0.189 6.04846 324.954
0.19 6.07367 325.087
0.191 6.09979 325.224
0.192 6.12476 325.354
0.193 6.15074 325.489
0.194 6.17551 325.617
0.195 6.20125 325.749
0.196 6.22637 325.878
0.197 6.25139 326.005
0.198 6.2763 326.131
0.199 6.30114 326.257
0.2 6.32635 326.383
0.201 6.35049 326.503
0.202 6.37552 326.627
0.203 6.39995 326.748
0.204 6.42431 326.868
0.205 6.44903 326.989
0.206 6.47362 327.108
0.207 6.49721 327.223
0.208 6.52159 327.34
0.209 6.54595 327.457
0.21 6.56968 327.57
0.211 6.59331 327.682
0.212 6.61732 327.796
0.213 6.64123 327.909
0.214 6.66505 328.02
0.215 6.68827 328.128
0.216 6.71144 328.236
0.217 6.73493 328.344
0.218 6.75836 328.452
0.219 6.78165 328.559
0.22 6.80483 328.664
0.221 6.82791 328.769
0.222 6.85089 328.873
0.223 6.8738 328.976
0.224 6.89656 329.077
0.225 6.9192 329.178
0.226 6.94178 329.278
0.227 6.96425 329.378
0.228 6.9866 329.476
0.229 7.00882 329.573
0.23 7.03099 329.67
0.231 7.05302 329.765
0.232 7.07499 329.86
0.233 7.09683 329.954
0.234 7.11854 330.047
0.235 7.14057 330.141
0.236 7.16213 330.233
0.237 7.18389 330.325
0.238 7.20524 330.415
0.239 7.22645 330.503
0.24 7.24752 330.591
0.241 7.26931 330.682
0.242 7.29021 330.769
0.243 7.31097 330.854
0.244 7.33204 330.941
0.245 7.35297 331.026
0.246 7.3734 331.11
0.247 7.39414 331.194
0.248 7.41474 331.277
0.249 7.43488 331.358
0.25 7.45528 331.44
0.251 7.47559 331.521
0.252 7.49544 331.6
0.253 7.51585 331.681
0.254 7.53543 331.758
0.255 7.55563 331.837
0.256 7.57501 331.913
0.257 7.595 331.991
0.258 7.61416 332.065
0.259 7.63394 332.142
0.26 7.65287 332.215
0.261 7.67237 332.29
0.262 7.69145 332.363
0.263 7.71042 332.435
0.264 7.72958 332.508
0.265 7.74799 332.577
0.266 7.76698 332.649
0.267 7.78579 332.719
0.268 7.8039 332.787
0.269 7.82253 332.856
0.27 7.84097 332.925
0.271 7.85909 332.992
0.272 7.87702 333.058
0.273 7.89521 333.125
0.274 7.91321 333.19
0.275 7.93114 333.256
0.276 7.94862 333.319
0.277 7.96602 333.382
0.278 7.98362 333.446
0.279 8.00108 333.508
0.28 8.01841 333.57
0.281 8.03566 333.632
0.282 8.05277 333.693
0.283 8.06975 333.753
0.284 8.08665 333.812
0.285 8.1034 333.871
0.286 8.12001 333.929
0.287 8.13654 333.987
0.288 8.15299 334.044
0.289 8.16929 334.101
0.29 8.18545 334.157
0.291 8.20151 334.212
0.292 8.21743 334.266
0.293 8.23326 334.321
0.294 8.249 334.374
0.295 8.2648 334.428
0.296 8.28058 334.481
0.297 8.29592 334.533
0.298 8.31117 334.584
0.299 8.32626 334.635
0.3 8.34183 334.687
0.301 8.35666 334.736
0.302 8.37147 334.785
0.303 8.38632 334.834
0.304 8.40108 334.883
0.305 8.41553 334.93
0.306 8.43003 334.978
0.307 8.44442 335.025
0.308 8.4585 335.071
0.309 8.47291 335.117
0.31 8.48671 335.162
0.311 8.50085 335.207
0.312 8.51444 335.251
0.313 8.52808 335.295
0.314 8.54168 335.338
0.315 8.55533 335.382
0.316 8.56842 335.423
0.317 8.58185 335.465
0.318 8.59472 335.506
0.319 8.60785 335.547
0.32 8.62065 335.587
0.321 8.63334 335.627
0.322 8.64614 335.667
0.323 8.65859 335.705
0.324 8.67093 335.743
0.325 8.68331 335.782
0.326 8.69557 335.819
0.327 8.70741 335.855
0.328 8.71943 335.892
0.329 8.73133 335.928
0.33 8.74312 335.964
0.331 8.75478 335.999
0.332 8.76608 336.034
0.333 8.77734 336.067
0.334 8.78855 336.101
0.335 8.79972 336.134
0.336 8.81075 336.167
0.337 8.82166 336.2
0.338 8.83245 336.232
0.339 8.8431 336.263
0.34 8.85362 336.294
0.341 8.86401 336.325
0.342 8.87427 336.355
0.343 8.8844 336.384
0.344 8.89439 336.413
0.345 8.90433 336.442
0.346 8.91421 336.471
0.347 8.92396 336.499
0.348 8.93349 336.526
0.349 8.94288 336.553
0.35 8.95213 336.58
0.351 8.96132 336.606
0.352 8.97054 336.632
0.353 8.97945 336.658
0.354 8.98813 336.682
0.355 8.99692 336.707
0.356 9.00556 336.731
0.357 9.01389 336.755
0.358 9.02233 336.778
0.359 9.03054 336.801
0.36 9.03851 336.823
0.361 9.04659 336.846
0.362 9.05426 336.867
0.363 9.06212 336.889
0.364 9.06957 336.909
0.365 9.07713 336.93
0.366 9.08437 336.95
0.367 9.09171 336.97
0.368 9.09872 336.989
0.369 9.10566 337.008
0.37 9.11253 337.026
0.371 9.11915 337.044
0.372 9.1258 337.062
0.373 9.13228 337.079
0.374 9.13851 337.096
0.375 9.14476 337.113
0.376 9.15085 337.129
0.377 9.15687 337.145
0.378 9.16254 337.16
0.379 9.16822 337.175
0.38 9.17383 337.19
0.381 9.17927 337.204
0.382 9.18464 337.218
0.383 9.18984 337.232
0.384 9.19478 337.245
0.385 9.19973 337.257
0.386 9.2045 337.27
0.387 9.2092 337.282
0.388 9.21373 337.294
0.389 9.21808 337.305
0.39 9.22236 337.316
0.391 9.22655 337.327
0.392 9.23056 337.337
0.393 9.2344 337.347
0.394 9.23815 337.356
0.395 9.24172 337.365
0.396 9.24521 337.374
0.397 9.24862 337.383
0.398 9.25184 337.391
0.399 9.25497 337.399
0.4 9.25793 337.406
0.401 9.26079 337.413
0.402 9.26347 337.42
0.403 9.26606 337.426
0.404 9.26847 337.432
0.405 9.27078 337.438
0.406 9.273 337.443
0.407 9.27504 337.448
0.408 9.27689 337.453
0.409 9.27874 337.457
0.41 9.2804 337.461
0.411 9.28186 337.465
0.412 9.28324 337.468
0.413 9.28452 337.471
0.414 9.2856 337.474
0.415 9.28659 337.476
0.416 9.28748 337.479
0.417 9.28818 337.48
0.418 9.28877 337.482
0.419 9.28917 337.483
0.42 9.28957 337.484
0.421 9.28967 337.484
0.422 9.28977 337.484
0.423 9.28967 337.484
0.424 9.28947 337.483
0.425 9.28917 337.483
0.426 9.28866 337.481
0.427 9.28805 337.48
0.428 9.28723 337.478
0.429 9.28631 337.476
0.43 9.28529 337.474
0.431 9.28416 337.471
0.432 9.28282 337.468
0.433 9.28148 337.465
0.434 9.27983 337.461
0.435 9.27817 337.457
0.436 9.27641 337.453
0.437 9.27443 337.449
0.438 9.27224 337.444
0.439 9.27004 337.439
0.44 9.26763 337.433
0.441 9.26511 337.427
0.442 9.26248 337.421
0.443 9.25963 337.415
0.444 9.25678 337.409
0.445 9.25381 337.402
0.446 9.25052 337.394
0.447 9.24722 337.387
0.448 9.2438 337.379
0.449 9.24017 337.371
0.45 9.23652 337.363
0.451 9.23255 337.354
0.452 9.22857 337.346
0.453 9.22436 337.336
0.454 9.22014 337.327
0.455 9.2157 337.317
0.456 9.21114 337.307
0.457 9.20657 337.297
0.458 9.20166 337.286
0.459 9.19663 337.276
0.46 9.1917 337.265
0.461 9.18643 337.253
0.462 9.18104 337.242
0.463 9.17542 337.229
0.464 9.17 337.218
0.465 9.16413 337.205
0.466 9.15825 337.193
0.467 9.15213 337.179
0.468 9.146 337.166
0.469 9.13963 337.153
0.47 9.13314 337.139
0.471 9.12652 337.125
0.472 9.11978 337.111
0.473 9.11302 337.096
0.474 9.10602 337.081
0.475 9.09889 337.066
0.476 9.09164 337.051
0.477 9.08425 337.036
0.478 9.07663 337.02
0.479 9.06887 337.003
0.48 9.06109 336.987
0.481 9.0533 336.971
0.482 9.04527 336.954
0.483 9.03687 336.937
0.484 9.02857 336.92
0.485 9.02014 336.902
0.486 9.01134 336.884
0.487 9.00276 336.867
0.488 8.99369 336.848
0.489 8.98472 336.83
0.49 8.9755 336.811
0.491 8.96626 336.792
0.492 8.95677 336.773
0.493 8.94738 336.754
0.494 8.9375 336.734
0.495 8.92771 336.714
0.496 8.91779 336.694
0.497 8.90761 336.673
0.498 8.89717 336.652
0.499 8.88707 336.632
0.5 8.87647 336.611
0.501 8.86573 336.589
0.502 8.85497 336.568
0.503 8.84418 336.546
0.504 8.83326 336.525
0.505 8.82207 336.503
0.506 8.81075 336.48
0.507 8.79927 336.457
0.508 8.78766 336.435
0.509 8.7759 336.411
0.51 8.76411 336.388
0.511 8.75219 336.365
0.512 8.74011 336.341
0.513 8.72765 336.317
0.514 8.71516 336.293
0.515 8.70277 336.269
0.516 8.69024 336.244
0.517 8.67755 336.22
0.518 8.66435 336.194
0.519 8.6515 336.169
0.52 8.63837 336.144
0.521 8.62484 336.118
0.522 8.61166 336.093
0.523 8.59821 336.067
0.524 8.58435 336.041
0.525 8.57072 336.015
0.526 8.55656 335.988
0.527 8.54276 335.962
0.528 8.52829 335.934
0.529 8.51418 335.907
0.53 8.49966 335.88
0.531 8.48486 335.852
0.532 8.47042 335.825
0.533 8.45556 335.797
0.534 8.44043 335.769
0.535 8.42526 335.74
0.536 8.41033 335.712
0.537 8.39498 335.684
0.538 8.37934 335.655
0.539 8.36381 335.626
0.54 8.34799 335.597
0.541 8.33213 335.567
0.542 8.31613 335.538
0.543 8.30009 335.508
0.544 8.28389 335.478
0.545 8.26753 335.448
0.546 8.25114 335.418
0.547 8.2346 335.388
0.548 8.21789 335.357
0.549 8.20115 335.327
0.55 8.18412 335.296
0.551 8.16692 335.265
0.552 8.14983 335.234
0.553 8.13258 335.202
0.554 8.11489 335.171
0.555 8.09744 335.139
0.556 8.07996 335.108
0.557 8.06191 335.075
0.558 8.04424 335.043
0.559 8.02586 335.011
0.56 8.00799 334.979
0.561 7.98954 334.946
0.562 7.97134 334.913
0.563 7.9527 334.88
0.564 7.93416 334.847
0.565 7.91545 334.814
0.566 7.89644 334.78
0.567 7.87739 334.747
0.568 7.85859 334.714
0.569 7.83934 334.68
0.57 7.81992 334.646
0.571 7.80047 334.612
0.572 7.78085 334.577
0.573 7.76161 334.544
0.574 7.74178 334.509
0.575 7.72192 334.475
0.576 7.70202 334.44
0.577 7.68196 334.405
0.578 7.66172 334.37
0.579 7.64103 334.334
0.58 7.62058 334.299
0.581 7.6001 334.264
0.582 7.57958 334.229
0.583 7.55902 334.193
0.584 7.5383 334.158
0.585 7.51697 334.121
0.586 7.49603 334.085
0.587 7.47506 334.05
0.588 7.45349 334.013
0.589 7.43244 333.977
0.59 7.41066 333.94
0.591 7.38926 333.904
0.592 7.36796 333.868
0.593 7.34593 333.831
0.594 7.32385 333.794
0.595 7.30217 333.757
0.596 7.27988 333.72
0.597 7.25812 333.683
0.598 7.23561 333.646
0.599 7.21321 333.608
0.6 7.19077 333.571
0.601 7.16843 333.534
0.602 7.14563 333.496
0.603 7.12293 333.458
0.604 7.10005 333.42
0.605 7.07699 333.382
0.606 7.05404 333.344
0.607 7.0309 333.306
0.608 7.00773 333.268
0.609 6.98452 333.23
0.61 6.96112 333.191
0.611 6.93769 333.153
0.612 6.91436 333.115
0.613 6.8907 333.076
0.614 6.86715 333.038
0.615 6.84356 332.999
0.616 6.8192 332.96
0.617 6.79554 332.921
0.618 6.77169 332.883
0.619 6.74721 332.843
0.62 6.72314 332.804
0.621 6.69917 332.766
0.622 6.67457 332.726
0.623 6.65038 332.687
0.624 6.62555 332.647
0.625 6.60143 332.609
0.626 6.57653 332.569
0.627 6.55218 332.53
0.628 6.52705 332.49
0.629 6.50217 332.45
0.63 6.47756 332.411
0.631 6.45246 332.371
0.632 6.42731 332.332
0.633 6.40198 332.292
0.634 6.37721 332.253
0.635 6.35194 332.213
0.636 6.32664 332.173
0.637 6.30115 332.133
0.638 6.27576 332.093
0.639 6.25019 332.053
0.64 6.22473 332.013
0.641 6.19907 331.973
0.642 6.17338 331.933
0.643 6.14779 331.893
0.644 6.12217 331.853
0.645 6.09636 331.813
0.646 6.07066 331.774
0.647 6.0443 331.733
0.648 6.01836 331.693
0.649 5.99254 331.653
0.65 5.96668 331.613
0.651 5.94016 331.572
0.652 5.91422 331.532
0.653 5.88824 331.493
0.654 5.86176 331.452
0.655 5.8357 331.412
0.656 5.80913 331.372
0.657 5.78315 331.332
0.658 5.7565 331.292
0.659 5.73028 331.252
0.66 5.7037 331.212
0.661 5.67693 331.171
0.662 5.65075 331.131
0.663 5.62422 331.091
0.664 5.59748 331.051
0.665 5.57118 331.012
0.666 5.54453 330.971
0.667 5.51767 330.931
0.668 5.49094 330.891
0.669 5.46416 330.851
0.67 5.4375 330.811
0.671 5.41081 330.771
0.672 5.38391 330.731
0.673 5.35777 330.693
0.674 5.33048 330.652
0.675 5.30362 330.612
0.676 5.27689 330.573
0.677 5.25027 330.533
0.678 5.22346 330.494
0.679 5.19677 330.454
0.68 5.17004 330.415
0.681 5.14327 330.376
0.682 5.11613 330.336
0.683 5.08944 330.297
0.684 5.06288 330.258
0.685 5.03612 330.219
0.686 5.00899 330.179
0.687 4.98247 330.141
0.688 4.95543 330.101
0.689 4.92883 330.063
0.69 4.90237 330.024
0.691 4.87537 329.985
0.692 4.84883 329.947
0.693 4.82191 329.908
0.694 4.79513 329.869
0.695 4.76863 329.831
0.696 4.74194 329.793
0.697 4.71553 329.755
0.698 4.68893 329.717
0.699 4.66228 329.679
0.7 4.63593 329.641
0.701 4.60938 329.603
0.702 4.58278 329.565
0.703 4.55632 329.527
0.704 4.53032 329.49
0.705 4.50395 329.453
0.706 4.47771 329.416
0.707 4.45143 329.379
0.708 4.42512 329.341
0.709 4.39911 329.305
0.71 4.37289 329.268
0.711 4.34697 329.231
0.712 4.32085 329.195
0.713 4.29503 329.158
0.714 4.26917 329.122
0.715 4.24345 329.086
0.716 4.21769 329.05
0.717 4.19206 329.014
0.718 4.16657 328.979
0.719 4.14071 328.943
0.72 4.11549 328.908
0.721 4.09024 328.873
0.722 4.06495 328.838
0.723 4.0398 328.803
0.724 4.01444 328.768
0.725 3.98957 328.733
0.726 3.96466 328.699
0.727 3.93989 328.665
0.728 3.91492 328.631
0.729 3.89043 328.597
0.73 3.86556 328.563
0.731 3.84117 328.53
0.732 3.81693 328.496
0.733 3.79248 328.463
0.734 3.76835 328.43
0.735 3.74418 328.397
0.736 3.72033 328.365
0.737 3.69645 328.332
0.738 3.67289 328.3
0.739 3.64912 328.268
0.74 3.62567 328.237
0.741 3.60237 328.205
0.742 3.57921 328.174
0.743 3.55602 328.143
0.744 3.53315 328.112
0.745 3.51025 328.081
0.746 3.4875 328.051
0.747 3.46507 328.021
0.748 3.44262 327.991
0.749 3.42031 327.961
0.75 3.39815 327.931
0.751 3.37615 327.902
0.752 3.35429 327.873
0.753 3.33258 327.844
0.754 3.31102 327.815
0.755 3.28961 327.787
0.756 3.26854 327.759
0.757 3.24744 327.731
0.758 3.22649 327.703
0.759 3.20587 327.676
0.76 3.18523 327.649
0.761 3.16492 327.622
0.762 3.14477 327.596
0.763 3.12477 327.57
0.764 3.10493 327.544
0.765 3.08524 327.518
0.766 3.0659 327.493
0.767 3.04653 327.467
0.768 3.0275 327.443
0.769 3.00862 327.418
0.77 2.99009 327.394
0.771 2.97154 327.37
0.772 2.95333 327.346
0.773 2.93528 327.323
0.774 2.91739 327.3
0.775 2.89985 327.277
0.776 2.88247 327.255
0.777 2.86507 327.232
0.778 2.8482 327.211
0.779 2.83149 327.189
0.78 2.81495 327.168
0.781 2.79876 327.147
0.782 2.78255 327.127
0.783 2.76688 327.106
0.784 2.75119 327.086
0.785 2.73604 327.067
0.786 2.72087 327.048
0.787 2.70587 327.029
0.788 2.69141 327.01
0.789 2.67713 326.992
0.79 2.66301 326.974
0.791 2.64944 326.957
0.792 2.63566 326.94
0.793 2.62244 326.923
0.794 2.60938 326.907
0.795 2.5965 326.89
0.796 2.58398 326.875
0.797 2.57202 326.86
0.798 2.56004 326.845
0.799 2.54824 326.83
0.8 2.53718 326.816
0.801 2.52611 326.802
0.802 2.51503 326.788
0.803 2.5047 326.776
0.804 2.49474 326.763
0.805 2.48476 326.751
0.806 2.47516 326.739
0.807 2.46574 326.727
0.808 2.45688 326.716
0.809 2.4484 326.706
0.81 2.43991 326.695
0.811 2.4316 326.685
0.812 2.42425 326.676
0.813 2.41689 326.667
0.814 2.40971 326.658
0.815 2.40291 326.65
0.816 2.39669 326.642
0.817 2.39046 326.634
0.818 2.38462 326.627
0.819 2.37954 326.621
0.82 2.37427 326.615
0.821 2.36938 326.609
0.822 2.36546 326.604
0.823 2.36114 326.599
0.824 2.35761 326.594
0.825 2.35407 326.59
0.826 2.35092 326.586
0.827 2.34856 326.583
0.828 2.34619 326.581
0.829 2.34422 326.578
0.83 2.34263 326.576
0.831 2.34144 326.575
0.832 2.34065 326.574
0.833 2.34045 326.574
0.834 2.34065 326.574
0.835 2.34105 326.574
0.836 2.34185 326.575
0.837 2.34244 326.576
0.838 2.34424 326.578
0.839 2.34624 326.581
0.84 2.34884 326.584
0.841 2.35105 326.586
0.842 2.35426 326.59
0.843 2.35747 326.594
0.844 2.3619 326.599
0.845 2.36552 326.603
0.846 2.37076 326.61
0.847 2.3756 326.615
0.848 2.38086 326.622
0.849 2.38652 326.628
0.85 2.39341 326.636
0.851 2.3999 326.644
0.852 2.407 326.652
0.853 2.41452 326.661
0.854 2.42226 326.67
0.855 2.43081 326.68
0.856 2.43979 326.691
0.857 2.44918 326.702
0.858 2.45899 326.713
0.859 2.46923 326.725
0.86 2.47907 326.736
0.861 2.49014 326.749
0.862 2.50206 326.763
0.863 2.51316 326.776
0.864 2.52593 326.791
0.865 2.53829 326.805
0.866 2.55109 326.82
0.867 2.56513 326.836
0.868 2.57879 326.852
0.869 2.59328 326.869
0.87 2.60779 326.885
0.871 2.62315 326.903
0.872 2.64019 326.922
0.873 2.65516 326.94
0.874 2.67182 326.959
0.875 2.68913 326.978
0.876 2.70687 326.999
0.877 2.72526 327.02
0.878 2.74367 327.041
0.879 2.76252 327.062
0.88 2.78265 327.085
0.881 2.80197 327.107
0.882 2.82214 327.13
0.883 2.84318 327.154
0.884 2.86425 327.178
0.885 2.88534 327.201
0.886 2.90729 327.226
0.887 2.93012 327.252
0.888 2.95297 327.278
0.889 2.97669 327.304
0.89 3.00087 327.332
0.891 3.02592 327.36
0.892 3.05143 327.388
0.893 3.07569 327.415
0.894 3.1021 327.445
0.895 3.12769 327.474
0.896 3.15545 327.505
0.897 3.18238 327.535
0.898 3.20934 327.565
0.899 3.23933 327.598
0.9 3.26764 327.63
0.901 3.29684 327.662
0.902 3.3265 327.695
0.903 3.35663 327.728
0.904 3.38592 327.761
0.905 3.41741 327.796
0.906 3.44936 327.831
0.907 3.48005 327.865
0.908 3.5138 327.902
0.909 3.54586 327.937
0.91 3.57969 327.974
0.911 3.61399 328.012
0.912 3.64789 328.049
0.913 3.68226 328.087
0.914 3.71755 328.125
0.915 3.7533 328.165
0.916 3.78997 328.205
0.917 3.82581 328.244
0.918 3.86256 328.284
0.919 3.9011 328.326
0.92 3.93793 328.366
0.921 3.97787 328.409
0.922 4.01566 328.45
0.923 4.05437 328.492
0.924 4.094 328.535
0.925 4.13544 328.58
0.926 4.17604 328.624
0.927 4.21625 328.667
0.928 4.25826 328.712
0.929 4.30121 328.759
0.93 4.34464 328.805
0.931 4.38591 328.85
0.932 4.43121 328.898
0.933 4.4739 328.944
0.934 4.51752 328.991
0.935 4.56297 329.04
0.936 4.60937 329.089
0.937 4.65492 329.138
0.938 4.70141 329.187
0.939 4.74706 329.236
0.94 4.7932 329.285
0.941 4.84163 329.337
0.942 4.88922 329.387
0.943 4.93776 329.439
0.944 4.9868 329.491
0.945 5.03634 329.543
0.946 5.08548 329.595
0.947 5.13513 329.648
0.948 5.18528 329.7
0.949 5.23638 329.754
0.95 5.28845 329.809
0.951 5.34103 329.865
0.952 5.3923 329.918
0.953 5.44453 329.973
0.954 5.49954 330.031
0.955 5.55143 330.085
0.956 5.6061 330.142
0.957 5.66129 330.2
0.958 5.71562 330.257
0.959 5.77047 330.314
0.96 5.82629 330.372
0.961 5.88262 330.431
0.962 5.9381 330.489
0.963 5.99409 330.547
0.964 6.0529 330.608
0.965 6.11039 330.667
0.966 6.16886 330.728
0.967 6.226 330.787
0.968 6.28552 330.849
0.969 6.34463 330.91
0.97 6.40565 330.973
0.971 6.46396 331.033
0.972 6.52465 331.095
0.973 6.58447 331.157
0.974 6.64667 331.221
0.975 6.70987 331.285
0.976 6.76941 331.347
0.977 6.83413 331.413
0.978 6.89566 331.476
0.979 6.95771 331.539
0.98 7.02217 331.605
0.981 7.08575 331.67
0.982 7.15034 331.736
0.983 7.21499 331.801
0.984 7.27877 331.866
0.985 7.34543 331.934
0.986 7.41263 332.002
0.987 7.47613 332.067
0.988 7.54488 332.136
0.989 7.60993 332.202
0.99 7.67787 332.271
0.991 7.74494 332.338
0.992 7.81444 332.408
0.993 7.88259 332.477
0.994 7.95128 332.546
0.995 8.01862 332.614
0.996 8.08888 332.685
0.997 8.1573 332.753
0.998 8.22675 332.823
0.999 8.29721 332.893
1 8.36822 332.964
1.001 8.43979 333.036
1.002 8.50999 333.106
1.003 8.58312 333.179
1.004 8.65442 333.25
1.005 8.72675 333.322
1.006 8.80011 333.395
1.007 8.87114 333.466
1.008 8.9456 333.539
1.009 9.01822 333.611
1.01 9.09138 333.684
1.011 9.16848 333.76
1.012 9.24083 333.832
1.013 9.31662 333.907
1.014 9.39298 333.982
1.015 9.46748 334.055
1.016 9.54254 334.129
1.017 9.61864 334.204
1.018 9.69578 334.28
1.019 9.773 334.356
1.02 9.84835 334.43
1.021 9.92426 334.504
1.022 10.0041 334.582
1.023 10.0822 334.659
1.024 10.1607 334.735
1.025 10.2365 334.809
1.026 10.3166 334.888
1.027 10.3945 334.963
1.028 10.4729 335.04
1.029 10.5553 335.12
1.03 10.6353 335.197
1.031 10.7129 335.273
1.032 10.7946 335.352
1.033 10.8733 335.428
1.034 10.9561 335.508
1.035 11.037 335.587
1.036 11.118 335.665
1.037 11.2005 335.744
1.038 11.2832 335.824
1.039 11.3634 335.901
1.04 11.4447 335.979
1.041 11.53 336.061
1.042 11.6125 336.141
1.043 11.696 336.221
1.044 11.7796 336.301
1.045 11.8612 336.379
1.046 11.947 336.461
1.047 12.0298 336.54
1.048 12.1132 336.62
1.049 12.1977 336.7
1.05 12.2828 336.782
1.051 12.369 336.864
1.052 12.4552 336.946
1.053 12.539 337.025
1.054 12.6274 337.109
1.055 12.7124 337.19
1.056 12.7985 337.271
1.057 12.8856 337.354
1.058 12.9729 337.436
1.059 13.0572 337.516
1.06 13.1461 337.6
1.061 13.232 337.681
1.062 13.3226 337.766
1.063 13.4103 337.849
1.064 13.4985 337.932
1.065 13.5868 338.015
1.066 13.6727 338.095
1.067 13.7632 338.18
1.068 13.8503 338.262
1.069 13.942 338.347
1.07 14.0307 338.43
1.071 14.1206 338.514
1.072 14.2105 338.598
1.073 14.299 338.681
1.074 14.3885 338.764
1.075 14.4808 338.85
1.076 14.57 338.933
1.077 14.6593 339.016
1.078 14.7497 339.1
1.079 14.8423 339.186
1.08 14.9319 339.269
1.081 15.0246 339.355
1.082 15.118 339.441
1.083 15.2073 339.523
1.084 15.3023 339.611
1.085 15.3933 339.695
1.086 15.485 339.779
1.087 15.5777 339.865
1.088 15.6705 339.95
1.089 15.7645 340.036
1.09 15.8549 340.119
1.091 15.9495 340.206
1.092 16.0437 340.292
1.093 16.138 340.379
1.094 16.2308 340.464
1.095 16.3247 340.549
1.096 16.4188 340.635
1.097 16.5139 340.722
1.098 16.6071 340.807
1.099 16.7014 340.893
1.1 16.7963 340.979
1.101 16.8918 341.066
1.102 16.9858 341.151
1.103 17.0804 341.237
1.104 17.1778 341.325
1.105 17.271 341.41
1.106 17.368 341.497
1.107 17.465 341.585
1.108 17.5606 341.671
1.109 17.6568 341.758
1.11 17.751 341.843
1.111 17.8511 341.933
1.112 17.9475 342.02
1.113 18.0436 342.106
1.114 18.1407 342.194
1.115 18.2385 342.281
1.116 18.3343 342.367
1.117 18.4312 342.454
1.118 18.5281 342.541
1.119 18.6263 342.628
1.12 18.7224 342.714
1.121 18.8217 342.803
1.122 18.9217 342.892
1.123 19.0197 342.979
1.124 19.1183 343.067
1.125 19.2148 343.153
1.126 19.3125 343.24
1.127 19.4134 343.329
1.128 19.5091 343.414
1.129 19.6114 343.505
1.13 19.7083 343.591
1.131 19.8064 343.678
1.132 19.9079 343.767
1.133 20.0072 343.855
1.134 20.1067 343.943
1.135 20.2041 344.028
1.136 20.3059 344.118
1.137 20.4045 344.205
1.138 20.5043 344.293
1.139 20.6053 344.381
1.14 20.7063 344.47
1.141 20.8042 344.556
1.142 20.9066 344.646
1.143 21.0068 344.733
1.144 21.1077 344.821
1.145 21.2086 344.91
1.146 21.308 344.996
1.147 21.4108 345.086
1.148 21.5109 345.173
1.149 21.6123 345.262
1.15 21.7164 345.352
1.151 21.8157 345.438
1.152 21.9184 345.528
1.153 22.0189 345.615
1.154 22.1229 345.705
1.155 22.222 345.791
1.156 22.3245 345.88
1.157 22.4271 345.968
1.158 22.5275 346.055
1.159 22.6314 346.145
1.16 22.7331 346.232
1.161 22.836 346.321
1.162 22.939 346.41
1.163 23.0421 346.498
1.164 23.1431 346.585
1.165 23.2486 346.676
1.166 23.3509 346.764
1.167 23.4532 346.851
1.168 23.5568 346.94
1.169 23.6604 347.029
1.17 23.7619 347.116
1.171 23.8679 347.206
1.172 23.9702 347.293
1.173 24.0736 347.382
1.174 24.1777 347.47
1.175 24.2818 347.559
1.176 24.3872 347.649
1.177 24.4893 347.735
1.178 24.596 347.826
1.179 24.6994 347.914
1.18 24.8029 348.001
1.181 24.9076 348.09
1.182 25.0113 348.178
1.183 25.115 348.266
1.184 25.2222 348.356
1.185 25.325 348.443
1.186 25.4296 348.531
1.187 25.5343 348.619
1.188 25.6396 348.708
1.189 25.7461 348.798
1.19 25.8482 348.884
1.191 25.9561 348.974
1.192 26.0595 349.061
1.193 26.1641 349.149
1.194 26.27 349.237
1.195 26.3759 349.326
1.196 26.4819 349.415
1.197 26.5858 349.502
1.198 26.6931 349.591
1.199 26.7983 349.679
1.2 26.907 349.77
1.201 27.0123 349.857
1.202 27.1148 349.943
1.203 27.2221 350.032
1.204 27.3288 350.121
1.205 27.4333 350.207
1.206 27.5426 350.298
1.207 27.6473 350.385
1.208 27.7532 350.472
1.209 27.8592 350.56
1.21 27.9665 350.649
1.211 28.075 350.739
1.212 28.1825 350.827
1.213 28.2877 350.914
1.214 28.393 351.001
1.215 28.503 351.091
1.216 28.6097 351.179
1.217 28.7164 351.267
1.218 28.8244 351.356
1.219 28.9302 351.442
1.22 29.0371 351.53
1.221 29.1466 351.62
1.222 29.2514 351.706
1.223 29.3587 351.793
1.224 29.4648 351.88
1.225 29.5746 351.97
1.226 29.681 352.057
1.227 29.7886 352.144
1.228 29.8986 352.234
1.229 30.0041 352.32
1.23 30.1143 352.409
1.231 30.2211 352.496
1.232 30.3279 352.583
1.233 30.4396 352.674
1.234 30.5478 352.761
1.235 30.6526 352.846
1.236 30.761 352.934
1.237 30.8719 353.024
1.238 30.9769 353.108
1.239 31.0891 353.199
1.24 31.1955 353.285
1.241 31.3031 353.372
1.242 31.4109 353.458
1.243 31.5199 353.546
1.244 31.629 353.634
1.245 31.7394 353.723
1.246 31.8498 353.811
1.247 31.9556 353.896
1.248 32.0675 353.986
1.249 32.1746 354.072
1.25 32.2831 354.158
1.251 32.3916 354.245
1.252 32.5002 354.332
1.253 32.6101 354.42
1.254 32.7201 354.507
1.255 32.8301 354.595
1.256 32.9391 354.682
1.257 33.0481 354.769
1.258 33.1561 354.855
1.259 33.2689 354.944
1.26 33.377 355.03
1.261 33.4864 355.117
1.262 33.5959 355.204
1.263 33.7066 355.291
1.264 33.8175 355.379
1.265 33.926 355.465
1.266 34.0346 355.551
1.267 34.147 355.639
1.268 34.2546 355.724
1.269 34.3634 355.81
1.27 34.4772 355.9
1.271 34.5863 355.986
1.272 34.6966 356.072
1.273 34.8071 356.159
1.274 34.9176 356.246
1.275 35.027 356.332
1.276 35.1365 356.418
1.277 35.2484 356.505
1.278 35.3569 356.59
1.279 35.4703 356.679
1.28 35.5789 356.764
1.281 35.6888 356.85
1.282 35.7988 356.936
1.283 35.9088 357.021
1.284 36.0202 357.108
1.285 36.1317 357.195
1.286 36.2433 357.282
1.287 36.3561 357.369
1.288 36.4667 357.455
1.289 36.5772 357.541
1.29 36.6855 357.625
1.291 36.7975 357.712
1.292 36.9108 357.8
1.293 37.0205 357.884
1.294 37.1315 357.97
1.295 37.2426 358.056
1.296 37.3538 358.142
1.297 37.4663 358.229
1.298 37.5789 358.315
1.299 37.6867 358.398
1.3 37.8007 358.486
1.301 37.9123 358.572
1.302 38.024 358.658
1.303 38.1333 358.742
1.304 38.2464 358.829
1.305 38.3596 358.915
1.306 38.4705 359
1.307 38.5826 359.086
1.308 38.6948 359.172
1.309 38.8071 359.258
1.31 38.917 359.342
1.311 39.0283 359.426
1.312 39.1421 359.513
1.313 39.251 359.596
1.314 39.3662 359.684
1.315 39.4753 359.767
1.316 39.5894 359.854
1.317 39.7024 359.94
1.318 39.813 360.023
1.319 39.9249 360.108
1.32 40.0369 360.193
1.321 40.1503 360.279
1.322 40.2637 360.365
1.323 40.3772 360.451
1.324 40.4883 360.535
1.325 40.5994 360.619
1.326 40.7145 360.705
1.327 40.8245 360.788
1.328 40.9372 360.873
1.329 41.0499 360.958
1.33 41.1615 361.042
1.331 41.2757 361.128
1.332 41.3913 361.215
1.333 41.5031 361.299
1.334 41.6163 361.383
1.335 41.7296 361.468
1.336 41.8404 361.551
1.337 41.9538 361.636
1.338 42.0648 361.719
1.339 42.1809 361.806
1.34 42.2933 361.89
1.341 42.4058 361.974
1.342 42.5197 362.059
1.343 42.6337 362.144
1.344 42.7451 362.226
1.345 42.8592 362.311
1.346 42.9709 362.394
1.347 43.0877 362.481
1.348 43.2008 362.565
1.349 43.314 362.649
1.35 43.4247 362.731
1.351 43.5393 362.816
1.352 43.654 362.901
1.353 43.7662 362.984
1.354 43.8824 363.07
1.355 43.9948 363.153
1.356 44.1085 363.236
1.357 44.2224 363.32
1.358 44.3363 363.404
1.359 44.4477 363.486
1.36 44.5631 363.571
1.361 44.6786 363.656
1.362 44.7916 363.739
1.363 44.9046 363.822
1.364 45.0177 363.905
1.365 45.1323 363.989
1.366 45.2468 364.073
1.367 45.3628 364.158
1.368 45.4737 364.239
1.369 45.5898 364.324
1.37 45.7035 364.407
1.371 45.8159 364.489
1.372 45.9336 364.574
1.373 46.0488 364.658
1.374 46.1588 364.738
1.375 46.2742 364.822
1.376 46.3909 364.907
1.377 46.5025 364.988
1.378 46.6194 365.073
1.379 46.7325 365.155
1.38 46.8469 365.238
1.381 46.9615 365.321
1.382 47.0761 365.404
1.383 47.1908 365.487
1.384 47.3069 365.571
1.385 47.4231 365.655
1.386 47.5354 365.736
1.387 47.6531 365.821
1.388 47.7669 365.903
1.389 47.8808 365.985
1.39 47.996 366.068
1.391 48.1101 366.15
1.392 48.2269 366.234
1.393 48.3424 366.317
1.394 48.4554 366.398
1.395 48.5724 366.482
1.396 48.6855 366.563
1.397 48.804 366.648
1.398 48.9173 366.729
1.399 49.0334 366.812
1.4 49.1481 366.894
1.401 49.263 366.976
1.402 49.3806 367.06
1.403 49.493 367.14
1.404 49.6094 367.223
1.405 49.7233 367.304
1.406 49.8412 367.388
1.407 49.9552 367.469
1.408 50.0707 367.551
1.409 50.1875 367.634
1.41 50.3018 367.715
1.411 50.4175 367.797
1.412 50.5346 367.88
1.413 50.6518 367.963
1.414 50.765 368.043
1.415 50.8837 368.127
1.416 50.9971 368.207
1.417 51.1119 368.288
1.418 51.2323 368.373
1.419 51.3472 368.454
1.42 51.4637 368.536
1.421 51.5802 368.618
1.422 51.6927 368.697
1.423 51.8107 368.78
1.424 51.9275 368.862
1.425 52.0416 368.942
1.426 52.1612 369.026
1.427 52.2755 369.106
1.428 52.3912 369.187
1.429 52.507 369.268
1.43 52.627 369.352
1.431 52.7416 369.432
1.432 52.8562 369.513
1.433 52.9737 369.595
1.434 53.0927 369.678
1.435 53.2062 369.757
1.436 53.3253 369.84
1.437 53.439 369.919
1.438 53.5597 370.003
1.439 53.6749 370.083
1.44 53.7916 370.164
1.441 53.9084 370.245
1.442 54.0252 370.326
1.443 54.1421 370.407
1.444 54.2605 370.489
1.445 54.3763 370.569
1.446 54.4934 370.65
1.447 54.6079 370.729
1.448 54.728 370.812
1.449 54.8427 370.892
1.45 54.9616 370.974
1.451 55.0805 371.056
1.452 55.1968 371.136
1.453 55.3145 371.217
1.454 55.4324 371.298
1.455 55.5503 371.379
1.456 55.6655 371.458
1.457 55.7822 371.538
1.458 55.9017 371.62
1.459 56.0172 371.699
1.46 56.1355 371.78
1.461 56.2525 371.861
1.462 56.3695 371.941
1.463 56.4867 372.021
1.464 56.6039 372.101
1.465 56.724 372.183
1.466 56.8414 372.263
1.467 56.9575 372.342
1.468 57.0765 372.423
1.469 57.1955 372.504
1.47 57.3132 372.584
1.471 57.431 372.664
1.472 57.5489 372.745
1.473 57.6683 372.826
1.474 57.7835 372.904
1.475 57.9016 372.984
1.476 58.0212 373.065
1.477 58.1409 373.146
1.478 58.2593 373.226
1.479 58.3777 373.306
1.48 58.4948 373.385
1.481 58.612 373.465
1.482 58.7307 373.545
1.483 58.8495 373.625
1.484 58.9683 373.705
1.485 59.0887 373.786
1.486 59.2062 373.865
1.487 59.3225 373.943
1.488 59.4445 374.025
1.489 59.5623 374.104
1.49 59.6802 374.184
1.491 59.7996 374.264
1.492 59.9191 374.344
1.493 60.0344 374.421
1.494 60.1526 374.5
1.495 60.2723 374.58
1.496 60.3936 374.661
1.497 60.512 374.741
1.498 60.6305 374.82
1.499 60.752 374.901
1.5 60.8693 374.979
