0.0445 3
0.2015 3
0.2405 3
0.8545 3
0.9375 3
1.3025 3
0.0515 4
0.1955 4
0.2485 4
0.8465 4
0.9695 4
1.2055 4
0.0595 5
0.1875 5
0.2565 5
0.8385 5
1.0355 5
1.0925 5
0.0675 6
0.1795 6
0.2645 6
0.8305 6
0.0765 7
0.1705 7
0.2725 7
0.8225 7
0.0885 8
0.1585 8
0.2795 8
0.8155 8
0.1095 9
0.1385 9
0.2875 9
0.8075 9
0.2945 10
0.7995 10
0.3005 11
0.7915 11
0.3065 12
0.7835 12
0.3115 13
0.7765 13
0.3155 14
0.7695 14
0.3205 15
0.7635 15
0.3245 16
0.7575 16
0.3285 17
0.7525 17
0.3325 18
0.7475 18
0.3375 19
0.7445 19
0.3425 20
0.7415 20
0.3485 21
0.7395 21
0.3545 22
0.7375 22
0.3625 23
0.7355 23
0.3715 24
0.7345 24
0.3815 25
0.7345 25
0.3915 26
0.7335 26
0.4025 27
0.7335 27
0.4145 28
0.7325 28
0.4285 29
0.7315 29
0.4425 30
0.7305 30
0.4575 31
0.7295 31
0.4735 32
0.7265 32
0.4905 33
0.7245 33
0.5115 34
0.7185 34
0.5325 35
0.7135 35
0.5565 36
0.7035 36
0.5855 37
0.5865 37
0.5885 37
0.6865 37
0.6885 37
0.6895 37
