0.0405 3
0.2025 3
0.2385 3
0.8475 3
0.9535 3
1.4825 3
1.4835 3
1.4855 3
0.0465 4
0.1965 4
0.2465 4
0.8375 4
0.9885 4
1.3815 4
0.0515 5
0.1905 5
0.2535 5
0.8275 5
1.0425 5
1.2825 5
0.0565 6
0.1835 6
0.2615 6
0.8165 6
0.0625 7
0.1765 7
0.2695 7
0.8055 7
0.0705 8
0.1685 8
0.2765 8
0.7945 8
0.0795 9
0.1585 9
0.2845 9
0.7835 9
0.0925 10
0.1475 10
0.2905 10
0.7715 10
0.2975 11
0.7595 11
0.3035 12
0.7475 12
0.3085 13
0.7355 13
0.3135 14
0.7235 14
0.3175 15
0.7105 15
0.3225 16
0.6985 16
0.3285 17
0.6855 17
0.3335 18
0.6725 18
0.3405 19
0.6595 19
0.3485 20
0.6435 20
0.3605 21
0.6275 21
0.3735 22
0.3745 22
0.3755 22
0.6075 22
0.3915 23
0.3935 23
0.3945 23
0.5845 23
0.4195 24
0.5525 24
