0.0615 3
0.1995 3
0.2435 3
0.8475 3
0.0755 4
0.1915 4
0.2515 4
0.8395 4
0.0895 5
0.1805 5
0.2595 5
0.8325 5
0.1085 6
0.1645 6
0.2675 6
0.8255 6
0.2745 7
0.8195 7
0.2815 8
0.8135 8
0.2885 9
0.8075 9
0.2945 10
0.8015 10
0.2995 11
0.7965 11
0.3035 12
0.7915 12
0.3075 13
0.7875 13
0.3105 14
0.7835 14
0.3125 15
0.7805 15
0.3145 16
0.7775 16
0.3155 17
0.7755 17
0.3175 18
0.7755 18
0.3185 19
0.7755 19
0.3195 20
0.7765 20
0.3225 21
0.7775 21
0.3245 22
0.7785 22
0.3265 23
0.7815 23
0.3295 24
0.7835 24
0.3325 25
0.7865 25
0.3355 26
0.7905 26
0.3395 27
0.7925 27
0.3425 28
0.7965 28
0.3465 29
0.7995 29
0.3515 30
0.8025 30
0.3555 31
0.8055 31
0.3605 32
0.8075 32
0.3645 33
0.8105 33
0.3685 34
0.8135 34
0.3735 35
0.8165 35
0.3785 36
0.8195 36
0.3835 37
0.8205 37
0.3875 38
0.8225 38
0.3925 39
0.8265 39
0.3975 40
0.8285 40
0.4025 41
0.8305 41
0.4075 42
0.8315 42
0.4115 43
0.8345 43
0.4165 44
0.8355 44
0.4215 45
0.8375 45
0.4265 46
0.8405 46
0.4315 47
0.8415 47
0.4365 48
0.8435 48
0.4415 49
0.8445 49
0.4465 50
0.8465 50
0.4515 51
0.8475 51
0.4565 52
0.8495 52
0.4625 53
0.8505 53
0.8515 53
0.8525 53
0.4665 54
0.8545 54
0.4725 55
0.8545 55
0.4775 56
0.8555 56
0.4825 57
0.8575 57
0.4875 58
0.8605 58
0.4925 59
0.8605 59
0.4975 60
0.8615 60
0.5025 61
0.8635 61
0.5075 62
0.8645 62
0.5135 63
0.8655 63
0.5185 64
0.8675 64
0.5235 65
0.8695 65
0.5285 66
0.8695 66
0.5335 67
0.8705 67
0.5385 68
0.8715 68
0.5445 69
0.8725 69
0.5495 70
0.8725 70
0.5545 71
0.8745 71
0.5605 72
0.8755 72
0.5655 73
0.8755 73
0.5705 74
0.8765 74
0.5765 75
0.8765 75
0.5805 76
0.8765 76
0.5865 77
0.8785 77
0.5905 78
0.8785 78
0.5965 79
0.8785 79
0.6025 80
0.8785 80
0.6085 81
0.8785 81
0.6135 82
0.8785 82
0.6195 83
0.8785 83
0.6225 84
0.6235 84
0.6245 84
0.8785 84
0.6295 85
0.8785 85
0.6345 86
0.8755 86
0.6415 87
0.8755 87
0.6465 88
0.8755 88
0.6515 89
0.6525 89
0.6535 89
0.8745 89
0.6575 90
0.8745 90
0.6645 91
0.8735 91
0.6705 92
0.8705 92
0.6745 93
0.6755 93
0.6775 93
0.8685 93
0.8705 93
0.8715 93
0.6805 94
0.8685 94
0.6865 95
0.6875 95
0.6885 95
0.8665 95
0.6935 96
0.6955 96
0.6965 96
0.8635 96
0.8655 96
0.8665 96
0.6995 97
0.7005 97
0.7025 97
0.8625 97
0.7065 98
0.8585 98
0.8605 98
0.8615 98
0.7125 99
0.7135 99
0.7155 99
0.8535 99
0.8545 99
0.8555 99
0.7195 100
0.7205 100
0.7225 100
0.8495 100
0.8505 100
0.8515 100
0.7285 101
0.7305 101
0.7315 101
0.8465 101
0.8485 101
0.8495 101
0.7375 102
0.8405 102
0.8425 102
0.8445 102
0.7495 103
0.8345 103
0.8365 103
0.8375 103
0.7545 104
0.7555 104
0.7575 104
0.7605 104
0.7615 104
0.7635 104
0.7645 104
0.8265 104
0.7695 105
0.7705 105
0.7745 105
0.7825 105
0.7835 105
0.8025 105
0.8035 105
0.8055 105
0.8065 105
0.8085 105
0.8095 105
0.8115 105
0.8155 105
0.8175 105
0.7915 106
0.7925 106
